id,label
1,0.999997
10,0.000084
100,0.014799
1000,1.000000
10000,0.998829
10001,0.000007
10002,0.000058
10003,0.999998
10004,0.102565
10005,0.000001
10006,0.000002
10007,0.000003
10008,0.000000
10009,0.000005
1001,0.000031
10010,0.999912
10011,1.000000
10012,0.000008
10013,0.000391
10014,0.013224
10015,0.993196
10016,0.002023
10017,0.000000
10018,0.000071
10019,0.000000
1002,0.995703
10020,0.029996
10021,0.000009
10022,0.999835
10023,0.999993
10024,1.000000
10025,0.962073
10026,0.999931
10027,1.000000
10028,0.000111
10029,0.985056
1003,1.000000
10030,0.999999
10031,0.004512
10032,0.000503
10033,0.009475
10034,0.999959
10035,0.999911
10036,0.999996
10037,0.021464
10038,0.999365
10039,1.000000
1004,1.000000
10040,0.000000
10041,1.000000
10042,0.854153
10043,1.000000
10044,0.000000
10045,0.951538
10046,0.999933
10047,0.999997
10048,1.000000
10049,0.000003
1005,0.000000
10050,0.069576
10051,0.000463
10052,0.003304
10053,0.975575
10054,0.000018
10055,0.000002
10056,1.000000
10057,0.017959
10058,0.999889
10059,0.814537
1006,1.000000
10060,0.999997
10061,0.000001
10062,0.001361
10063,0.999992
10064,1.000000
10065,0.019141
10066,0.000194
10067,0.002611
10068,0.000000
10069,0.000050
1007,1.000000
10070,0.998070
10071,0.000000
10072,0.000000
10073,0.997423
10074,0.000067
10075,0.115962
10076,0.031640
10077,0.000000
10078,1.000000
10079,0.000001
1008,0.000001
10080,1.000000
10081,0.524022
10082,0.010061
10083,0.000028
10084,1.000000
10085,0.999975
10086,1.000000
10087,0.999999
10088,0.000000
10089,0.000438
1009,1.000000
10090,0.002025
10091,0.004710
10092,0.999912
10093,0.009281
10094,0.999992
10095,0.000001
10096,1.000000
10097,0.999998
10098,0.999998
10099,0.000026
101,0.000826
1010,0.999999
10100,0.999605
10101,0.999996
10102,0.018107
10103,0.000053
10104,1.000000
10105,0.999867
10106,0.000003
10107,0.009893
10108,0.999970
10109,0.000000
1011,0.000348
10110,0.997169
10111,0.004043
10112,0.000000
10113,1.000000
10114,0.004240
10115,0.000161
10116,1.000000
10117,0.000014
10118,0.000095
10119,0.999700
1012,0.993599
10120,0.000000
10121,0.000052
10122,0.001253
10123,0.939467
10124,1.000000
10125,0.000269
10126,0.000012
10127,0.999948
10128,0.585044
10129,0.993960
1013,0.000000
10130,0.000511
10131,0.995921
10132,0.000033
10133,0.000027
10134,0.901983
10135,1.000000
10136,0.999628
10137,0.009151
10138,0.999982
10139,0.999994
1014,1.000000
10140,0.279414
10141,0.999998
10142,0.838812
10143,0.997137
10144,0.999965
10145,0.000246
10146,0.999997
10147,0.999996
10148,0.994563
10149,0.000002
1015,0.000001
10150,0.042207
10151,0.000023
10152,0.000000
10153,0.999456
10154,0.002876
10155,0.999999
10156,0.000052
10157,0.161239
10158,0.000031
10159,0.999856
1016,0.943749
10160,0.000075
10161,0.000453
10162,1.000000
10163,1.000000
10164,0.980710
10165,0.609063
10166,0.999972
10167,0.999999
10168,0.205971
10169,0.999995
1017,0.000194
10170,0.000001
10171,0.000003
10172,0.999990
10173,0.000000
10174,0.471906
10175,0.067008
10176,1.000000
10177,0.997547
10178,0.249890
10179,0.998191
1018,0.999976
10180,0.004842
10181,0.999999
10182,0.004216
10183,0.059552
10184,0.000004
10185,0.999671
10186,0.999997
10187,0.999969
10188,0.001401
10189,0.999991
1019,1.000000
10190,1.000000
10191,0.000061
10192,0.920408
10193,0.000002
10194,0.000000
10195,1.000000
10196,0.997097
10197,1.000000
10198,0.001670
10199,0.000001
102,0.999998
1020,0.000003
10200,0.000002
10201,0.000001
10202,1.000000
10203,0.999998
10204,0.000057
10205,0.007859
10206,0.000814
10207,1.000000
10208,1.000000
10209,1.000000
1021,0.304672
10210,0.000042
10211,0.000006
10212,0.000049
10213,0.998533
10214,0.999557
10215,0.000000
10216,0.999033
10217,0.983895
10218,0.000000
10219,0.052695
1022,0.000135
10220,1.000000
10221,0.999969
10222,0.918520
10223,0.000000
10224,0.000030
10225,0.007541
10226,0.005258
10227,0.000000
10228,0.028827
10229,0.001814
1023,0.000014
10230,0.209932
10231,1.000000
10232,1.000000
10233,0.999940
10234,0.000375
10235,0.000000
10236,0.000002
10237,0.000029
10238,0.993541
10239,0.000056
1024,0.005836
10240,0.000000
10241,0.999885
10242,1.000000
10243,0.990521
10244,1.000000
10245,1.000000
10246,0.567886
10247,1.000000
10248,0.000960
10249,0.999827
1025,0.000004
10250,0.000001
10251,0.998726
10252,0.001701
10253,0.999846
10254,1.000000
10255,0.996835
10256,0.999999
10257,0.019526
10258,1.000000
10259,1.000000
1026,0.004591
10260,0.035584
10261,0.999999
10262,0.999992
10263,0.999999
10264,0.000031
10265,0.068046
10266,0.000003
10267,0.000000
10268,1.000000
10269,0.999897
1027,0.000028
10270,0.000001
10271,0.999993
10272,0.295598
10273,0.000044
10274,0.000016
10275,0.999433
10276,0.000400
10277,0.066662
10278,0.669231
10279,0.999999
1028,0.000009
10280,0.995091
10281,1.000000
10282,0.993807
10283,1.000000
10284,1.000000
10285,0.999992
10286,0.000000
10287,0.000063
10288,0.000000
10289,0.000220
1029,0.000025
10290,0.996545
10291,1.000000
10292,0.000220
10293,0.997511
10294,0.000000
10295,0.000000
10296,0.000188
10297,1.000000
10298,1.000000
10299,0.086134
103,0.000000
1030,0.000000
10300,1.000000
10301,0.000005
10302,0.989436
10303,0.039279
10304,0.999998
10305,0.999999
10306,1.000000
10307,0.691128
10308,0.000000
10309,0.000001
1031,0.000058
10310,0.343717
10311,0.000226
10312,0.000000
10313,0.999723
10314,0.000029
10315,1.000000
10316,0.999823
10317,1.000000
10318,0.000001
10319,0.220020
1032,0.963577
10320,1.000000
10321,1.000000
10322,0.999992
10323,0.984756
10324,0.945609
10325,0.001784
10326,0.999999
10327,0.974299
10328,0.000000
10329,0.999999
1033,0.927871
10330,0.000720
10331,0.000013
10332,1.000000
10333,0.000156
10334,0.000016
10335,1.000000
10336,0.000043
10337,0.036435
10338,0.009231
10339,1.000000
1034,0.999993
10340,0.000024
10341,0.000020
10342,0.999999
10343,0.000000
10344,0.991862
10345,0.999968
10346,0.000718
10347,0.023295
10348,0.270958
10349,0.999984
1035,0.000518
10350,0.999847
10351,0.000000
10352,0.999973
10353,0.000047
10354,0.964545
10355,0.999989
10356,0.000172
10357,0.987284
10358,0.000370
10359,0.946386
1036,0.999863
10360,0.000014
10361,0.000042
10362,0.000149
10363,0.000000
10364,1.000000
10365,0.000390
10366,1.000000
10367,0.999905
10368,0.999998
10369,0.000063
1037,0.999958
10370,0.998916
10371,0.000062
10372,0.998546
10373,0.000006
10374,0.995438
10375,0.130880
10376,0.000000
10377,0.000002
10378,0.000020
10379,1.000000
1038,1.000000
10380,0.999810
10381,0.273306
10382,0.000080
10383,0.001844
10384,0.999629
10385,1.000000
10386,0.000061
10387,0.998251
10388,0.000004
10389,0.000000
1039,0.000000
10390,1.000000
10391,0.995291
10392,0.026371
10393,0.000002
10394,0.000000
10395,0.999970
10396,0.999913
10397,0.000000
10398,0.000000
10399,0.999999
104,0.000000
1040,1.000000
10400,1.000000
10401,0.104423
10402,0.000637
10403,1.000000
10404,0.000056
10405,0.000000
10406,0.996860
10407,0.000000
10408,0.000005
10409,0.985222
1041,0.005970
10410,0.000000
10411,0.000024
10412,0.000016
10413,0.000000
10414,0.994014
10415,0.985727
10416,0.000000
10417,0.000004
10418,0.000001
10419,0.999999
1042,0.203506
10420,0.999115
10421,0.898881
10422,0.989935
10423,0.000000
10424,0.000067
10425,0.999845
10426,0.001133
10427,1.000000
10428,0.900371
10429,0.999147
1043,0.000011
10430,0.000186
10431,0.000002
10432,0.994933
10433,1.000000
10434,1.000000
10435,0.000127
10436,0.999990
10437,0.003039
10438,0.999999
10439,0.000990
1044,0.411637
10440,0.000034
10441,0.000430
10442,0.996347
10443,0.999407
10444,0.999543
10445,1.000000
10446,0.999979
10447,0.999928
10448,1.000000
10449,1.000000
1045,0.000269
10450,0.000000
10451,0.000001
10452,0.040973
10453,0.930538
10454,0.000000
10455,0.206481
10456,0.885994
10457,0.000309
10458,1.000000
10459,0.000000
1046,0.040669
10460,0.000340
10461,0.000000
10462,0.991926
10463,0.000076
10464,1.000000
10465,1.000000
10466,0.999985
10467,0.000000
10468,0.000310
10469,0.000031
1047,0.000844
10470,0.000146
10471,0.000452
10472,0.000002
10473,0.999999
10474,0.999919
10475,0.000000
10476,0.999993
10477,0.000081
10478,1.000000
10479,0.998149
1048,1.000000
10480,0.002561
10481,0.000000
10482,0.147375
10483,0.024225
10484,0.994810
10485,0.994973
10486,0.005861
10487,0.999999
10488,0.999987
10489,0.000141
1049,0.000001
10490,1.000000
10491,0.025359
10492,0.999905
10493,0.021488
10494,1.000000
10495,0.000005
10496,1.000000
10497,0.999345
10498,0.000202
10499,0.999970
105,0.999123
1050,0.000099
10500,1.000000
10501,0.999999
10502,1.000000
10503,0.248754
10504,0.999999
10505,0.764197
10506,0.000000
10507,0.725707
10508,0.025561
10509,0.994209
1051,0.000288
10510,0.000645
10511,0.000043
10512,0.108919
10513,0.000014
10514,0.999808
10515,0.002806
10516,1.000000
10517,0.999999
10518,0.999980
10519,0.000000
1052,0.999974
10520,0.999951
10521,0.000060
10522,0.037079
10523,0.999997
10524,0.999990
10525,0.999689
10526,0.903908
10527,0.000166
10528,0.000002
10529,0.000076
1053,1.000000
10530,0.000011
10531,0.932068
10532,0.006715
10533,0.001972
10534,1.000000
10535,0.002756
10536,0.015841
10537,0.860576
10538,0.000103
10539,0.000326
1054,1.000000
10540,0.999947
10541,0.999937
10542,0.007656
10543,0.000020
10544,0.000216
10545,0.000044
10546,0.000000
10547,0.019409
10548,1.000000
10549,0.000000
1055,0.984158
10550,0.999022
10551,1.000000
10552,0.000040
10553,0.000040
10554,0.980364
10555,0.000000
10556,0.999997
10557,0.000982
10558,1.000000
10559,1.000000
1056,0.999790
10560,0.000017
10561,1.000000
10562,1.000000
10563,0.999967
10564,1.000000
10565,0.999996
10566,1.000000
10567,1.000000
10568,0.996275
10569,0.999998
1057,0.999621
10570,0.128306
10571,1.000000
10572,0.041367
10573,0.000004
10574,0.999530
10575,0.000009
10576,0.000000
10577,0.000001
10578,1.000000
10579,0.949178
1058,0.999991
10580,0.999943
10581,0.999995
10582,0.000001
10583,0.980496
10584,0.999979
10585,0.000043
10586,0.000004
10587,0.999940
10588,0.999992
10589,0.000005
1059,1.000000
10590,0.000000
10591,0.999999
10592,0.000257
10593,0.999795
10594,1.000000
10595,1.000000
10596,0.002376
10597,0.000063
10598,1.000000
10599,1.000000
106,0.999639
1060,0.000055
10600,0.999972
10601,0.918079
10602,0.848023
10603,0.000008
10604,0.000628
10605,0.084007
10606,0.999999
10607,0.000000
10608,0.998851
10609,0.986520
1061,0.000000
10610,1.000000
10611,0.000006
10612,0.983131
10613,0.000201
10614,0.000000
10615,0.000000
10616,0.999996
10617,0.000225
10618,0.000047
10619,0.129824
1062,0.000001
10620,0.998648
10621,0.000000
10622,0.953604
10623,0.000104
10624,0.000003
10625,0.998048
10626,0.114697
10627,0.000000
10628,0.000001
10629,0.997310
1063,0.000008
10630,0.000260
10631,0.000002
10632,1.000000
10633,1.000000
10634,0.000000
10635,0.000001
10636,0.997398
10637,0.011262
10638,0.000001
10639,0.999706
1064,0.191144
10640,0.999898
10641,0.999947
10642,0.999987
10643,0.000000
10644,1.000000
10645,1.000000
10646,0.760069
10647,0.003525
10648,0.992743
10649,0.000122
1065,0.000025
10650,0.000001
10651,0.999994
10652,0.073518
10653,0.000008
10654,0.000135
10655,0.000000
10656,1.000000
10657,0.049141
10658,0.999997
10659,0.999043
1066,1.000000
10660,0.000000
10661,1.000000
10662,0.999959
10663,0.999979
10664,0.000001
10665,0.000243
10666,1.000000
10667,1.000000
10668,0.000000
10669,0.000000
1067,1.000000
10670,0.000303
10671,0.000002
10672,0.002425
10673,1.000000
10674,0.000000
10675,0.000004
10676,0.119832
10677,0.000048
10678,0.003211
10679,0.000000
1068,1.000000
10680,0.996808
10681,0.000000
10682,0.018518
10683,0.999997
10684,0.999993
10685,0.000041
10686,0.001769
10687,0.003993
10688,0.999949
10689,1.000000
1069,0.005336
10690,0.000010
10691,0.000008
10692,0.999996
10693,0.005156
10694,0.000003
10695,1.000000
10696,0.999988
10697,1.000000
10698,0.026521
10699,0.983922
107,0.002674
1070,1.000000
10700,0.000001
10701,0.999944
10702,0.997135
10703,0.004323
10704,0.070435
10705,0.999999
10706,0.998476
10707,1.000000
10708,0.000133
10709,1.000000
1071,0.000105
10710,0.911690
10711,0.000001
10712,1.000000
10713,0.213738
10714,0.995761
10715,1.000000
10716,0.000014
10717,0.999844
10718,0.123860
10719,0.999994
1072,0.818830
10720,1.000000
10721,0.000000
10722,0.000010
10723,0.999994
10724,1.000000
10725,0.999798
10726,0.000210
10727,0.000000
10728,0.082213
10729,0.000002
1073,0.000000
10730,1.000000
10731,0.998220
10732,0.053951
10733,0.929680
10734,0.000342
10735,0.000000
10736,0.984241
10737,0.000010
10738,0.977461
10739,0.999998
1074,0.999988
10740,0.000047
10741,0.776842
10742,0.978870
10743,0.999213
10744,0.998205
10745,0.003417
10746,0.000092
10747,0.005272
10748,0.000017
10749,0.000000
1075,0.994530
10750,0.999962
10751,0.000009
10752,0.761786
10753,0.485904
10754,0.000072
10755,1.000000
10756,0.999999
10757,0.000019
10758,1.000000
10759,0.002449
1076,0.000014
10760,0.004928
10761,0.067608
10762,0.000393
10763,0.000000
10764,0.000000
10765,0.999999
10766,1.000000
10767,1.000000
10768,1.000000
10769,0.999996
1077,0.023100
10770,0.999999
10771,0.999978
10772,0.210078
10773,0.999994
10774,0.000003
10775,0.000000
10776,0.002694
10777,0.999987
10778,0.000000
10779,0.000000
1078,0.000023
10780,0.000105
10781,0.085558
10782,0.994206
10783,0.000181
10784,0.000005
10785,0.999998
10786,0.000000
10787,0.996361
10788,0.999767
10789,0.000001
1079,0.840923
10790,0.695533
10791,0.000190
10792,0.003613
10793,0.000344
10794,0.999646
10795,1.000000
10796,0.001623
10797,0.032283
10798,0.856643
10799,0.000010
108,0.001627
1080,1.000000
10800,0.043670
10801,0.990667
10802,0.000000
10803,0.000652
10804,0.999992
10805,0.077844
10806,0.999965
10807,0.000004
10808,0.378453
10809,0.000000
1081,0.999311
10810,0.049005
10811,1.000000
10812,0.000169
10813,0.000003
10814,0.000000
10815,0.897613
10816,0.016407
10817,0.000668
10818,0.001011
10819,0.000522
1082,1.000000
10820,0.999252
10821,0.998976
10822,0.000301
10823,0.051979
10824,0.001101
10825,1.000000
10826,0.999993
10827,0.000037
10828,0.124885
10829,0.999956
1083,0.999999
10830,0.000004
10831,0.996715
10832,0.997705
10833,0.049233
10834,0.019195
10835,0.000009
10836,0.972413
10837,0.965383
10838,0.999994
10839,0.000147
1084,0.000000
10840,0.126391
10841,0.000046
10842,0.000222
10843,0.000698
10844,0.999817
10845,0.999921
10846,0.000832
10847,1.000000
10848,0.999999
10849,0.001225
1085,0.186855
10850,0.000006
10851,1.000000
10852,0.211262
10853,1.000000
10854,0.999866
10855,0.999918
10856,0.001315
10857,1.000000
10858,0.999315
10859,0.992740
1086,1.000000
10860,0.000000
10861,0.999997
10862,0.000000
10863,0.999956
10864,0.914197
10865,0.000000
10866,0.998498
10867,0.000000
10868,0.018236
10869,0.996913
1087,0.999645
10870,0.049847
10871,0.000006
10872,0.999983
10873,0.000007
10874,0.001611
10875,0.999999
10876,0.999995
10877,0.002439
10878,0.000000
10879,1.000000
1088,0.000007
10880,0.023690
10881,0.999908
10882,0.161227
10883,0.999983
10884,0.000000
10885,0.042733
10886,0.000000
10887,0.000001
10888,1.000000
10889,0.156640
1089,1.000000
10890,0.010900
10891,0.000248
10892,0.967097
10893,0.000002
10894,0.000132
10895,1.000000
10896,0.999610
10897,0.271059
10898,0.999837
10899,0.999939
109,0.964131
1090,0.002816
10900,1.000000
10901,0.000425
10902,0.999999
10903,1.000000
10904,0.999986
10905,1.000000
10906,0.002556
10907,1.000000
10908,0.387550
10909,1.000000
1091,0.995244
10910,0.000466
10911,0.996203
10912,1.000000
10913,0.955979
10914,1.000000
10915,0.000000
10916,0.999960
10917,0.001026
10918,0.000002
10919,0.999860
1092,0.990173
10920,0.999989
10921,0.167790
10922,0.000000
10923,0.004918
10924,0.999964
10925,0.999791
10926,0.976766
10927,0.000809
10928,0.000000
10929,0.989662
1093,0.679399
10930,0.997168
10931,0.002004
10932,1.000000
10933,0.775032
10934,0.000000
10935,0.999997
10936,0.984256
10937,0.999982
10938,0.001251
10939,0.008305
1094,0.999691
10940,0.999969
10941,0.000002
10942,0.001264
10943,0.943813
10944,0.000080
10945,0.000485
10946,1.000000
10947,0.000000
10948,0.262145
10949,0.005810
1095,0.999754
10950,0.000000
10951,1.000000
10952,0.999450
10953,0.000053
10954,0.980040
10955,0.000683
10956,0.003191
10957,0.999624
10958,0.000000
10959,0.480836
1096,0.991544
10960,0.000463
10961,0.998538
10962,0.399362
10963,1.000000
10964,0.000000
10965,0.000000
10966,0.999886
10967,0.000001
10968,0.999868
10969,0.124304
1097,0.000514
10970,0.000000
10971,0.000499
10972,0.009202
10973,0.999974
10974,1.000000
10975,0.000001
10976,0.998655
10977,0.000016
10978,0.003628
10979,1.000000
1098,0.001845
10980,0.000000
10981,0.387706
10982,0.388687
10983,1.000000
10984,0.999997
10985,0.999998
10986,0.000347
10987,0.000172
10988,0.008474
10989,0.000002
1099,0.000001
10990,1.000000
10991,0.011581
10992,0.000001
10993,1.000000
10994,0.999910
10995,0.002621
10996,1.000000
10997,0.000000
10998,1.000000
10999,0.422831
11,0.000043
110,1.000000
1100,0.999683
11000,0.107736
11001,1.000000
11002,0.999999
11003,0.002898
11004,0.000048
11005,1.000000
11006,1.000000
11007,0.999721
11008,0.000491
11009,0.000348
1101,0.994745
11010,0.982807
11011,0.393471
11012,0.999977
11013,0.999972
11014,0.994855
11015,0.999556
11016,0.999991
11017,0.000316
11018,0.000000
11019,0.928970
1102,0.000004
11020,0.999999
11021,0.999825
11022,0.000001
11023,1.000000
11024,0.999597
11025,0.000046
11026,0.000274
11027,0.990358
11028,0.000188
11029,0.258553
1103,0.000028
11030,1.000000
11031,0.000000
11032,0.000002
11033,0.999910
11034,0.994939
11035,0.999345
11036,0.999565
11037,1.000000
11038,0.000002
11039,0.000000
1104,0.000004
11040,0.000456
11041,1.000000
11042,0.000349
11043,1.000000
11044,0.999999
11045,0.142915
11046,1.000000
11047,1.000000
11048,0.984807
11049,0.063345
1105,0.981462
11050,1.000000
11051,0.995172
11052,0.000231
11053,0.998089
11054,0.999991
11055,0.000076
11056,0.000007
11057,1.000000
11058,0.137804
11059,0.000000
1106,0.995277
11060,0.008031
11061,0.000000
11062,1.000000
11063,0.998734
11064,0.000011
11065,1.000000
11066,0.999996
11067,0.186484
11068,0.000455
11069,1.000000
1107,0.000340
11070,1.000000
11071,0.999997
11072,0.112853
11073,0.217262
11074,0.000002
11075,0.000000
11076,0.000100
11077,0.000000
11078,0.000006
11079,0.998245
1108,1.000000
11080,1.000000
11081,0.993398
11082,0.006367
11083,0.999561
11084,0.999742
11085,0.996802
11086,0.005549
11087,0.000010
11088,0.060083
11089,1.000000
1109,0.000269
11090,0.999883
11091,0.003880
11092,1.000000
11093,1.000000
11094,0.000004
11095,0.994536
11096,0.687590
11097,0.995599
11098,0.396748
11099,0.001103
111,0.987004
1110,0.000064
11100,0.995001
11101,1.000000
11102,0.007608
11103,0.000000
11104,1.000000
11105,0.003654
11106,0.000047
11107,0.318696
11108,0.000021
11109,0.000001
1111,0.000011
11110,0.000060
11111,0.936074
11112,0.997542
11113,0.187398
11114,0.999999
11115,0.016205
11116,0.794173
11117,0.999898
11118,0.000071
11119,0.002491
1112,0.000091
11120,0.086524
11121,0.058730
11122,0.000000
11123,0.999994
11124,0.000000
11125,0.999878
11126,1.000000
11127,0.000052
11128,0.997891
11129,0.000000
1113,0.000000
11130,0.000005
11131,0.000002
11132,0.984541
11133,0.999802
11134,0.999067
11135,0.000015
11136,0.027500
11137,0.651441
11138,0.990288
11139,0.989246
1114,1.000000
11140,1.000000
11141,0.978671
11142,0.034674
11143,1.000000
11144,0.000000
11145,1.000000
11146,0.985447
11147,0.999999
11148,0.999989
11149,1.000000
1115,0.999534
11150,0.000004
11151,1.000000
11152,1.000000
11153,0.999999
11154,1.000000
11155,0.999999
11156,0.000186
11157,0.998038
11158,0.048082
11159,0.999016
1116,0.999912
11160,0.000001
11161,0.983101
11162,0.000080
11163,0.000000
11164,0.999993
11165,0.996791
11166,0.033746
11167,0.029232
11168,0.000609
11169,0.999994
1117,0.000038
11170,0.999757
11171,0.000004
11172,0.000000
11173,0.976548
11174,0.968321
11175,0.999942
11176,0.995776
11177,0.060871
11178,0.999988
11179,0.000003
1118,0.000000
11180,0.999648
11181,0.503546
11182,1.000000
11183,0.000001
11184,0.002066
11185,0.000000
11186,0.011929
11187,0.000001
11188,0.928961
11189,0.999994
1119,0.000000
11190,0.000023
11191,0.999169
11192,0.000158
11193,0.998021
11194,0.998063
11195,0.999794
11196,0.000000
11197,0.000291
11198,0.000368
11199,0.000043
112,0.999999
1120,0.724507
11200,0.014397
11201,1.000000
11202,0.301089
11203,0.000011
11204,0.999999
11205,0.999717
11206,0.000005
11207,0.000000
11208,0.983728
11209,0.000033
1121,0.999999
11210,0.998850
11211,0.476459
11212,0.213200
11213,0.999999
11214,0.000017
11215,0.000193
11216,0.000197
11217,0.941266
11218,0.999798
11219,0.000000
1122,0.999999
11220,0.301450
11221,0.013709
11222,0.999971
11223,0.000312
11224,0.999962
11225,0.004929
11226,0.000002
11227,0.999986
11228,0.147659
11229,1.000000
1123,0.000000
11230,0.999438
11231,0.998845
11232,0.801967
11233,0.001594
11234,0.000001
11235,0.999999
11236,0.002184
11237,0.999664
11238,1.000000
11239,0.993788
1124,0.002064
11240,0.002916
11241,0.994041
11242,1.000000
11243,0.000038
11244,0.999900
11245,0.000057
11246,0.051868
11247,1.000000
11248,1.000000
11249,1.000000
1125,0.000000
11250,0.968835
11251,0.997034
11252,0.003194
11253,1.000000
11254,0.999939
11255,0.826380
11256,0.000411
11257,0.000014
11258,1.000000
11259,0.000000
1126,0.006390
11260,0.000000
11261,0.999993
11262,1.000000
11263,0.000477
11264,0.000010
11265,0.788156
11266,0.142113
11267,0.075517
11268,0.916817
11269,1.000000
1127,0.000001
11270,0.000120
11271,0.000281
11272,1.000000
11273,0.999998
11274,0.999999
11275,0.000000
11276,0.000000
11277,0.999999
11278,0.997519
11279,1.000000
1128,0.000507
11280,0.010280
11281,0.999999
11282,1.000000
11283,0.999998
11284,0.999426
11285,0.053821
11286,0.999994
11287,0.000058
11288,0.000006
11289,0.000000
1129,0.920026
11290,0.999995
11291,0.000000
11292,0.999542
11293,0.999999
11294,0.999768
11295,0.000000
11296,0.999161
11297,0.999996
11298,0.000004
11299,0.014692
113,0.999406
1130,0.995733
11300,1.000000
11301,0.000017
11302,0.989894
11303,0.999942
11304,0.978394
11305,0.999633
11306,0.999992
11307,0.998338
11308,0.998769
11309,0.999943
1131,0.999560
11310,1.000000
11311,0.989276
11312,1.000000
11313,0.000018
11314,0.999994
11315,0.000089
11316,1.000000
11317,0.003781
11318,0.000096
11319,0.999906
1132,0.000624
11320,0.996755
11321,1.000000
11322,0.999999
11323,0.000000
11324,0.000170
11325,0.000936
11326,0.999862
11327,0.732919
11328,0.000003
11329,1.000000
1133,0.000006
11330,0.000002
11331,0.999918
11332,1.000000
11333,0.998220
11334,0.983993
11335,0.999990
11336,0.000009
11337,0.808808
11338,0.253041
11339,0.983562
1134,0.036919
11340,0.999999
11341,1.000000
11342,0.000095
11343,0.999999
11344,0.999999
11345,0.000011
11346,0.999998
11347,1.000000
11348,0.931476
11349,0.983921
1135,0.000006
11350,0.000905
11351,0.000012
11352,0.999999
11353,0.000103
11354,0.000016
11355,0.000000
11356,1.000000
11357,0.999585
11358,0.999604
11359,0.000002
1136,1.000000
11360,0.978477
11361,0.000048
11362,0.000097
11363,1.000000
11364,0.000004
11365,0.000012
11366,1.000000
11367,0.000000
11368,0.038494
11369,0.000001
1137,0.000251
11370,0.999999
11371,0.998974
11372,0.115038
11373,0.000000
11374,0.000062
11375,0.000165
11376,0.000043
11377,0.000004
11378,0.999988
11379,0.998636
1138,0.000000
11380,0.998197
11381,0.008977
11382,0.976054
11383,1.000000
11384,0.000335
11385,0.999993
11386,1.000000
11387,1.000000
11388,0.000035
11389,0.002075
1139,0.484918
11390,0.000000
11391,1.000000
11392,0.000067
11393,0.000498
11394,0.999990
11395,0.998373
11396,0.000023
11397,0.000013
11398,1.000000
11399,1.000000
114,0.000557
1140,0.000002
11400,0.999954
11401,0.000003
11402,1.000000
11403,0.001509
11404,0.000001
11405,0.000062
11406,1.000000
11407,0.000900
11408,0.999644
11409,0.000000
1141,0.000000
11410,0.058811
11411,0.999773
11412,1.000000
11413,0.000009
11414,0.000097
11415,0.012525
11416,1.000000
11417,0.034696
11418,0.057166
11419,0.999136
1142,0.000000
11420,0.999375
11421,0.000623
11422,0.999995
11423,0.999988
11424,0.000068
11425,0.990550
11426,1.000000
11427,0.999994
11428,0.999996
11429,1.000000
1143,0.000436
11430,0.866719
11431,0.000000
11432,0.000000
11433,0.169921
11434,0.000145
11435,1.000000
11436,0.927236
11437,0.998625
11438,0.999999
11439,1.000000
1144,1.000000
11440,0.000000
11441,1.000000
11442,1.000000
11443,0.999986
11444,0.001673
11445,0.999935
11446,0.000000
11447,0.000000
11448,0.999951
11449,0.995399
1145,1.000000
11450,0.024332
11451,0.999286
11452,0.964929
11453,0.999652
11454,0.841175
11455,0.000000
11456,0.009174
11457,0.000002
11458,0.999959
11459,1.000000
1146,0.970409
11460,0.000099
11461,0.999139
11462,0.565311
11463,0.000004
11464,0.999530
11465,0.008027
11466,0.000003
11467,0.000005
11468,0.828208
11469,1.000000
1147,1.000000
11470,1.000000
11471,0.891166
11472,1.000000
11473,1.000000
11474,0.020223
11475,0.000625
11476,0.000037
11477,0.000033
11478,0.999857
11479,0.002834
1148,0.000000
11480,0.000119
11481,0.000000
11482,0.948418
11483,0.999557
11484,0.006248
11485,0.000022
11486,1.000000
11487,0.999929
11488,1.000000
11489,0.000000
1149,1.000000
11490,0.999960
11491,0.000150
11492,0.001194
11493,0.000000
11494,0.998051
11495,0.003519
11496,1.000000
11497,0.999979
11498,0.000028
11499,0.011879
115,0.001427
1150,0.026489
11500,0.000030
11501,0.006476
11502,0.751136
11503,0.984295
11504,0.000000
11505,0.006127
11506,1.000000
11507,0.746572
11508,0.000000
11509,0.002933
1151,1.000000
11510,1.000000
11511,0.000926
11512,0.999948
11513,0.999974
11514,0.070546
11515,1.000000
11516,0.999989
11517,0.011410
11518,0.000000
11519,0.468419
1152,0.001255
11520,0.999999
11521,0.999999
11522,0.971124
11523,0.000027
11524,0.000385
11525,0.000028
11526,0.999998
11527,1.000000
11528,0.000000
11529,0.000000
1153,0.000000
11530,1.000000
11531,0.000000
11532,0.018967
11533,1.000000
11534,0.000007
11535,0.999998
11536,0.999971
11537,0.787245
11538,0.000000
11539,1.000000
1154,0.993107
11540,0.000231
11541,1.000000
11542,0.978157
11543,0.000042
11544,0.000000
11545,0.000005
11546,0.000008
11547,0.000000
11548,0.996132
11549,0.001443
1155,0.999988
11550,1.000000
11551,0.000032
11552,0.999999
11553,0.999863
11554,1.000000
11555,0.996207
11556,0.000160
11557,0.000000
11558,0.076406
11559,0.000012
1156,0.000347
11560,0.000000
11561,0.999996
11562,0.999998
11563,0.000071
11564,0.000000
11565,0.000146
11566,0.000000
11567,1.000000
11568,0.000842
11569,0.916172
1157,0.998796
11570,0.025897
11571,0.999998
11572,0.000001
11573,0.000000
11574,0.000000
11575,0.986600
11576,1.000000
11577,0.000002
11578,0.000001
11579,1.000000
1158,1.000000
11580,0.665667
11581,0.059850
11582,0.000000
11583,0.000001
11584,0.999975
11585,1.000000
11586,0.989729
11587,0.000000
11588,0.000003
11589,0.999490
1159,0.000056
11590,0.006827
11591,0.000573
11592,0.000000
11593,0.999971
11594,0.023159
11595,0.000000
11596,0.000150
11597,0.000052
11598,0.992328
11599,0.000020
116,0.000001
1160,0.000000
11600,0.905708
11601,0.992969
11602,0.888740
11603,0.999992
11604,0.999999
11605,0.190286
11606,0.001733
11607,0.001824
11608,0.000064
11609,0.000000
1161,0.012133
11610,0.001609
11611,0.000052
11612,0.000007
11613,0.992353
11614,0.000000
11615,0.000010
11616,0.003172
11617,1.000000
11618,0.000000
11619,0.000342
1162,0.173116
11620,0.000000
11621,0.000000
11622,0.000000
11623,1.000000
11624,0.000019
11625,1.000000
11626,0.999816
11627,0.999984
11628,0.999689
11629,0.999870
1163,0.001463
11630,0.992177
11631,0.000395
11632,0.000136
11633,0.001351
11634,0.000121
11635,0.999883
11636,0.000208
11637,0.001378
11638,0.000086
11639,0.001509
1164,0.000436
11640,1.000000
11641,0.000000
11642,0.999989
11643,0.987342
11644,0.000456
11645,0.999949
11646,0.994586
11647,1.000000
11648,1.000000
11649,0.999974
1165,0.510431
11650,1.000000
11651,0.999740
11652,0.000000
11653,0.000495
11654,0.999999
11655,0.999998
11656,1.000000
11657,0.011337
11658,0.207283
11659,0.019452
1166,0.999989
11660,0.995363
11661,0.000000
11662,0.000000
11663,1.000000
11664,0.005589
11665,0.999983
11666,0.000007
11667,0.000153
11668,0.000000
11669,1.000000
1167,0.875362
11670,0.999994
11671,0.999946
11672,0.001379
11673,1.000000
11674,0.253062
11675,0.000023
11676,0.000123
11677,0.999977
11678,0.000691
11679,0.000017
1168,0.028180
11680,0.034155
11681,1.000000
11682,0.000004
11683,0.961530
11684,0.178208
11685,0.049847
11686,0.901518
11687,0.000053
11688,0.999999
11689,0.000127
1169,0.998909
11690,0.999999
11691,0.000121
11692,0.000000
11693,0.003713
11694,0.994368
11695,0.000000
11696,0.999953
11697,1.000000
11698,0.000012
11699,0.999999
117,0.008255
1170,0.998125
11700,0.000000
11701,0.000162
11702,0.000000
11703,0.000000
11704,0.000001
11705,1.000000
11706,1.000000
11707,0.956463
11708,0.000021
11709,1.000000
1171,0.014961
11710,0.014204
11711,0.001042
11712,0.000010
11713,0.999998
11714,0.786679
11715,0.999913
11716,0.999809
11717,0.938173
11718,0.999986
11719,0.000000
1172,0.999838
11720,0.999997
11721,0.000001
11722,0.000038
11723,0.999996
11724,0.000354
11725,0.999995
11726,0.000000
11727,0.000008
11728,0.000040
11729,0.999999
1173,0.999975
11730,0.022235
11731,1.000000
11732,1.000000
11733,1.000000
11734,0.058878
11735,0.995615
11736,0.000930
11737,0.002451
11738,0.000028
11739,0.002562
1174,1.000000
11740,1.000000
11741,0.426121
11742,0.000000
11743,0.000009
11744,0.009940
11745,0.000009
11746,0.374227
11747,0.000000
11748,0.000000
11749,1.000000
1175,0.999741
11750,0.000000
11751,0.000010
11752,1.000000
11753,1.000000
11754,0.000039
11755,0.000001
11756,0.877988
11757,0.989665
11758,1.000000
11759,0.999985
1176,0.000000
11760,1.000000
11761,1.000000
11762,1.000000
11763,0.999978
11764,0.999912
11765,1.000000
11766,0.999997
11767,0.999905
11768,0.000068
11769,0.000001
1177,0.000056
11770,0.999981
11771,0.000001
11772,0.315337
11773,0.996484
11774,0.927209
11775,0.999998
11776,0.999992
11777,0.000122
11778,0.999721
11779,0.000000
1178,0.000307
11780,0.999997
11781,0.999999
11782,0.928704
11783,0.000059
11784,0.561934
11785,0.999985
11786,0.000000
11787,0.357864
11788,0.000001
11789,0.999968
1179,0.999991
11790,0.990544
11791,0.999998
11792,0.998887
11793,0.001920
11794,0.000348
11795,1.000000
11796,0.000002
11797,0.001529
11798,0.000000
11799,0.998425
118,0.999804
1180,1.000000
11800,0.082811
11801,1.000000
11802,0.996990
11803,0.017845
11804,0.999821
11805,0.883181
11806,1.000000
11807,0.000000
11808,0.141121
11809,1.000000
1181,0.776423
11810,0.791867
11811,0.000009
11812,0.989588
11813,0.000073
11814,0.999333
11815,0.982255
11816,0.999713
11817,0.000000
11818,0.128203
11819,0.000000
1182,1.000000
11820,0.033335
11821,1.000000
11822,0.999935
11823,0.999987
11824,0.983751
11825,0.999971
11826,0.572285
11827,0.999998
11828,0.999999
11829,1.000000
1183,0.999062
11830,0.000000
11831,0.999999
11832,0.992822
11833,1.000000
11834,0.821322
11835,0.999860
11836,0.972156
11837,0.044408
11838,0.999991
11839,1.000000
1184,0.999999
11840,0.999999
11841,1.000000
11842,0.000014
11843,0.990031
11844,0.999941
11845,0.000368
11846,0.895478
11847,0.083040
11848,0.000360
11849,0.999981
1185,0.000000
11850,1.000000
11851,0.405745
11852,1.000000
11853,0.000001
11854,0.000000
11855,0.999994
11856,0.000551
11857,0.000011
11858,0.000000
11859,0.000041
1186,0.999973
11860,0.002517
11861,0.999923
11862,0.999996
11863,0.998308
11864,0.055825
11865,0.002934
11866,0.918398
11867,0.995679
11868,0.000005
11869,0.999947
1187,0.002026
11870,0.999992
11871,0.954274
11872,0.000182
11873,0.000327
11874,0.999978
11875,0.038623
11876,0.002510
11877,0.999197
11878,1.000000
11879,0.999917
1188,0.998722
11880,0.006282
11881,0.996585
11882,0.999452
11883,0.989901
11884,0.000104
11885,0.000000
11886,0.022730
11887,0.000002
11888,0.000000
11889,0.000412
1189,0.961077
11890,0.000000
11891,0.000002
11892,0.999642
11893,0.000177
11894,0.996214
11895,0.660666
11896,0.000015
11897,1.000000
11898,0.000253
11899,0.000095
119,0.999994
1190,0.013988
11900,0.000000
11901,0.957766
11902,0.998957
11903,0.000081
11904,0.998106
11905,0.000000
11906,0.999993
11907,0.999983
11908,0.015803
11909,0.000108
1191,1.000000
11910,0.999999
11911,0.000016
11912,0.999288
11913,0.106589
11914,0.001970
11915,1.000000
11916,0.000012
11917,0.970425
11918,1.000000
11919,0.000037
1192,0.007167
11920,1.000000
11921,1.000000
11922,1.000000
11923,1.000000
11924,0.000000
11925,0.000262
11926,0.998078
11927,1.000000
11928,1.000000
11929,0.997908
1193,0.000169
11930,0.082900
11931,0.002202
11932,1.000000
11933,0.000038
11934,0.999972
11935,0.999830
11936,0.000000
11937,0.000000
11938,0.998183
11939,0.007588
1194,0.000002
11940,0.879938
11941,1.000000
11942,0.000000
11943,0.000000
11944,1.000000
11945,0.000000
11946,0.999951
11947,0.000000
11948,0.000018
11949,0.006952
1195,0.999989
11950,0.000002
11951,0.998550
11952,0.999996
11953,1.000000
11954,1.000000
11955,1.000000
11956,0.961841
11957,0.999940
11958,0.999826
11959,0.029582
1196,0.000008
11960,0.997572
11961,0.849498
11962,0.000508
11963,0.999275
11964,0.999991
11965,0.000415
11966,0.000250
11967,0.997231
11968,0.000000
11969,1.000000
1197,1.000000
11970,0.999901
11971,0.018277
11972,0.998476
11973,0.022921
11974,0.000002
11975,0.994060
11976,0.000001
11977,0.596694
11978,0.999945
11979,1.000000
1198,0.000032
11980,0.999816
11981,0.002203
11982,0.999973
11983,0.009248
11984,1.000000
11985,0.999999
11986,0.999995
11987,0.998126
11988,0.974785
11989,0.001588
1199,0.000054
11990,1.000000
11991,0.003171
11992,0.865742
11993,0.000000
11994,0.003804
11995,0.001448
11996,0.001269
11997,0.999957
11998,1.000000
11999,1.000000
12,0.999997
120,0.005970
1200,0.999983
12000,0.001476
12001,0.999982
12002,0.000176
12003,0.000053
12004,0.000574
12005,0.999987
12006,0.999988
12007,0.004915
12008,0.000054
12009,0.999992
1201,0.999990
12010,0.998373
12011,0.982712
12012,0.999998
12013,0.998760
12014,0.999556
12015,0.999997
12016,0.018637
12017,1.000000
12018,0.000007
12019,0.000000
1202,0.000145
12020,0.051244
12021,1.000000
12022,0.999978
12023,0.999966
12024,1.000000
12025,0.000002
12026,0.890608
12027,0.000000
12028,0.999996
12029,0.000013
1203,0.998585
12030,0.096350
12031,0.001854
12032,0.001676
12033,1.000000
12034,0.000035
12035,0.622407
12036,0.000111
12037,0.996161
12038,1.000000
12039,0.999964
1204,0.000527
12040,0.999916
12041,0.645830
12042,0.146825
12043,0.001756
12044,0.000003
12045,0.002141
12046,0.965872
12047,0.000001
12048,1.000000
12049,0.785625
1205,0.997813
12050,0.000016
12051,0.986771
12052,1.000000
12053,0.121721
12054,0.999940
12055,0.999945
12056,0.415809
12057,1.000000
12058,0.031059
12059,0.000004
1206,0.016709
12060,0.985432
12061,0.999999
12062,1.000000
12063,0.009683
12064,0.999999
12065,0.000000
12066,0.000000
12067,0.000006
12068,0.003715
12069,0.000000
1207,0.999869
12070,0.000765
12071,0.016436
12072,0.002761
12073,0.992157
12074,0.999982
12075,0.999971
12076,0.999567
12077,0.000000
12078,0.000086
12079,0.999599
1208,0.000004
12080,0.999998
12081,0.000002
12082,0.454184
12083,0.000685
12084,0.000035
12085,0.000001
12086,1.000000
12087,0.999986
12088,0.299571
12089,0.012036
1209,0.001860
12090,1.000000
12091,0.000054
12092,1.000000
12093,0.000086
12094,0.997179
12095,0.000651
12096,1.000000
12097,0.000029
12098,1.000000
12099,0.520871
121,0.318427
1210,0.999999
12100,0.107971
12101,0.000056
12102,0.000041
12103,0.000000
12104,0.004329
12105,0.000000
12106,0.000042
12107,0.999999
12108,0.994952
12109,0.999939
1211,1.000000
12110,0.008015
12111,0.999998
12112,0.999999
12113,1.000000
12114,1.000000
12115,0.000006
12116,0.006434
12117,1.000000
12118,0.000000
12119,0.000232
1212,0.000010
12120,0.999997
12121,0.000001
12122,0.999992
12123,0.001103
12124,0.000000
12125,0.001716
12126,0.967102
12127,0.000104
12128,0.000000
12129,0.000719
1213,0.000000
12130,0.004119
12131,1.000000
12132,0.004999
12133,0.156929
12134,0.069610
12135,0.056576
12136,0.000002
12137,0.000022
12138,0.000000
12139,0.999999
1214,0.999627
12140,0.036575
12141,0.773718
12142,0.002767
12143,0.766040
12144,0.000000
12145,1.000000
12146,1.000000
12147,0.999588
12148,0.014538
12149,1.000000
1215,1.000000
12150,0.965621
12151,0.000061
12152,0.000000
12153,0.994728
12154,0.000000
12155,0.921592
12156,0.999942
12157,0.976853
12158,0.999819
12159,0.000006
1216,1.000000
12160,0.999951
12161,0.000000
12162,0.000011
12163,0.999984
12164,0.000000
12165,0.999964
12166,0.000010
12167,1.000000
12168,0.135765
12169,0.000000
1217,0.999990
12170,0.999999
12171,0.000004
12172,1.000000
12173,0.008030
12174,0.830599
12175,0.999999
12176,0.000287
12177,1.000000
12178,0.999965
12179,1.000000
1218,0.000830
12180,1.000000
12181,0.000573
12182,0.999518
12183,0.578075
12184,1.000000
12185,0.997603
12186,0.997473
12187,0.017488
12188,1.000000
12189,0.050382
1219,0.999982
12190,0.207434
12191,1.000000
12192,1.000000
12193,0.000349
12194,0.000001
12195,0.000426
12196,0.999978
12197,0.000088
12198,0.000935
12199,1.000000
122,0.000000
1220,0.000000
12200,1.000000
12201,0.950616
12202,0.000663
12203,0.179564
12204,0.000065
12205,0.207003
12206,0.999737
12207,0.999641
12208,1.000000
12209,0.000000
1221,0.014590
12210,0.002702
12211,0.000612
12212,0.000000
12213,1.000000
12214,0.000001
12215,0.000000
12216,0.000100
12217,0.000000
12218,0.000048
12219,0.682744
1222,0.044562
12220,0.000013
12221,0.000004
12222,0.999827
12223,0.000002
12224,0.009734
12225,0.381267
12226,0.999993
12227,0.000000
12228,0.999997
12229,0.999990
1223,0.996930
12230,0.990048
12231,0.005685
12232,0.976754
12233,0.998554
12234,0.253168
12235,0.998465
12236,0.000007
12237,0.999975
12238,0.999761
12239,0.001618
1224,1.000000
12240,0.000013
12241,0.167080
12242,0.000005
12243,0.000017
12244,0.053758
12245,0.002532
12246,1.000000
12247,0.265831
12248,0.999995
12249,1.000000
1225,0.000007
12250,0.000487
12251,0.013542
12252,0.000000
12253,0.998188
12254,1.000000
12255,0.000590
12256,0.999999
12257,0.000006
12258,0.184765
12259,0.996826
1226,0.000055
12260,0.996498
12261,0.000008
12262,0.982240
12263,1.000000
12264,1.000000
12265,0.048809
12266,0.934483
12267,0.172744
12268,1.000000
12269,0.997092
1227,1.000000
12270,0.876648
12271,0.941945
12272,0.000000
12273,0.709337
12274,0.483550
12275,0.999998
12276,0.000004
12277,0.999297
12278,1.000000
12279,1.000000
1228,0.001427
12280,0.001468
12281,0.999691
12282,0.994697
12283,0.023515
12284,0.999986
12285,0.000000
12286,0.000001
12287,0.999985
12288,0.010240
12289,0.813971
1229,0.000083
12290,0.999996
12291,0.999999
12292,1.000000
12293,0.999999
12294,1.000000
12295,0.000000
12296,0.000000
12297,0.000759
12298,0.999635
12299,0.000000
123,0.000671
1230,0.000001
12300,0.999990
12301,0.000000
12302,0.000080
12303,1.000000
12304,1.000000
12305,0.827507
12306,0.001296
12307,0.971931
12308,0.001483
12309,0.000047
1231,0.994005
12310,0.000021
12311,1.000000
12312,0.000003
12313,1.000000
12314,0.999999
12315,1.000000
12316,0.999988
12317,0.031538
12318,1.000000
12319,0.000565
1232,1.000000
12320,1.000000
12321,0.999889
12322,0.999692
12323,0.999217
12324,0.332970
12325,0.000012
12326,0.004681
12327,0.009945
12328,0.999991
12329,0.998578
1233,0.000000
12330,0.439227
12331,0.000002
12332,0.999999
12333,0.999873
12334,0.000000
12335,0.635582
12336,0.000136
12337,0.994415
12338,0.017393
12339,0.000347
1234,0.000057
12340,0.000004
12341,1.000000
12342,0.999944
12343,0.000477
12344,0.000070
12345,0.000000
12346,0.001288
12347,0.000010
12348,0.999990
12349,0.000649
1235,1.000000
12350,0.977006
12351,0.019186
12352,1.000000
12353,0.017084
12354,0.976138
12355,0.001830
12356,0.000000
12357,0.998995
12358,0.000583
12359,0.999792
1236,0.999923
12360,0.987097
12361,0.999962
12362,0.997363
12363,0.001566
12364,0.999738
12365,0.999999
12366,1.000000
12367,0.999931
12368,0.000001
12369,0.999980
1237,1.000000
12370,0.004190
12371,0.999999
12372,0.828913
12373,0.000000
12374,0.000000
12375,1.000000
12376,0.999970
12377,1.000000
12378,1.000000
12379,0.999865
1238,0.999997
12380,0.993748
12381,0.999997
12382,1.000000
12383,0.610121
12384,0.000015
12385,0.999970
12386,1.000000
12387,0.000009
12388,0.000645
12389,0.000000
1239,0.017633
12390,0.000196
12391,0.988002
12392,0.998653
12393,0.999264
12394,0.000000
12395,0.000041
12396,0.020555
12397,0.000019
12398,0.000691
12399,0.000138
124,0.000000
1240,0.000000
12400,0.999468
12401,0.363020
12402,0.000188
12403,0.999999
12404,0.000057
12405,0.000036
12406,0.000008
12407,0.997623
12408,0.000086
12409,0.990766
1241,0.999995
12410,0.000000
12411,0.807557
12412,0.999979
12413,0.164040
12414,0.182895
12415,0.005261
12416,0.989230
12417,0.000000
12418,0.000000
12419,0.000041
1242,1.000000
12420,0.000135
12421,0.988203
12422,1.000000
12423,0.000004
12424,0.000206
12425,1.000000
12426,0.029457
12427,0.999994
12428,0.000854
12429,0.842478
1243,0.002906
12430,0.999999
12431,0.692543
12432,1.000000
12433,0.999874
12434,0.999224
12435,1.000000
12436,0.951250
12437,0.987313
12438,0.999993
12439,0.997112
1244,0.000000
12440,1.000000
12441,0.000038
12442,0.000087
12443,1.000000
12444,1.000000
12445,0.000866
12446,0.000016
12447,0.999707
12448,1.000000
12449,0.000078
1245,0.110713
12450,0.001061
12451,0.001308
12452,0.999054
12453,0.224343
12454,0.018418
12455,0.000000
12456,0.612037
12457,0.000861
12458,0.977829
12459,1.000000
1246,0.000089
12460,0.998786
12461,1.000000
12462,0.000000
12463,0.999995
12464,1.000000
12465,0.001672
12466,0.000833
12467,0.004915
12468,0.008809
12469,0.000019
1247,0.000000
12470,1.000000
12471,0.999998
12472,0.969111
12473,0.000131
12474,0.000252
12475,0.000019
12476,0.999880
12477,1.000000
12478,0.949858
12479,0.000000
1248,0.999684
12480,0.000016
12481,0.004272
12482,0.006998
12483,0.000000
12484,0.957189
12485,0.000002
12486,1.000000
12487,1.000000
12488,0.987148
12489,0.979466
1249,0.002080
12490,0.999971
12491,0.723976
12492,0.999932
12493,1.000000
12494,1.000000
12495,0.000000
12496,0.000000
12497,0.000132
12498,0.999966
12499,1.000000
125,0.000119
1250,0.999828
12500,0.000345
1251,0.046294
1252,0.000000
1253,0.998829
1254,0.000034
1255,0.000854
1256,0.000186
1257,0.999937
1258,0.000415
1259,0.000000
126,0.006320
1260,0.000000
1261,1.000000
1262,0.000017
1263,0.016667
1264,0.000000
1265,0.000000
1266,0.000086
1267,0.499043
1268,0.006184
1269,0.995295
127,0.999995
1270,0.000000
1271,0.999998
1272,0.999992
1273,0.999022
1274,0.338972
1275,0.999816
1276,0.999939
1277,0.000189
1278,0.002136
1279,0.999999
128,0.000000
1280,0.999995
1281,0.000001
1282,0.007930
1283,0.999999
1284,0.999999
1285,0.000005
1286,0.999898
1287,0.018803
1288,0.000007
1289,1.000000
129,0.000085
1290,0.999999
1291,0.103837
1292,0.835024
1293,0.000063
1294,0.999977
1295,0.000143
1296,0.021744
1297,0.000057
1298,0.000289
1299,0.000001
13,0.000004
130,0.580064
1300,0.000000
1301,0.999997
1302,0.000084
1303,0.000001
1304,0.829892
1305,0.991670
1306,1.000000
1307,0.000000
1308,0.991922
1309,0.005524
131,0.999999
1310,0.000000
1311,0.403836
1312,0.999934
1313,0.004449
1314,0.995170
1315,0.999899
1316,0.000164
1317,0.816232
1318,0.999998
1319,0.914771
132,0.724782
1320,0.137537
1321,0.000002
1322,0.000311
1323,0.007825
1324,0.000001
1325,0.014268
1326,0.130724
1327,0.997477
1328,0.987445
1329,0.992649
133,0.000474
1330,0.000071
1331,0.062192
1332,1.000000
1333,1.000000
1334,0.989384
1335,0.055271
1336,0.000029
1337,0.000006
1338,0.000782
1339,0.004870
134,0.000021
1340,0.999988
1341,0.000021
1342,1.000000
1343,0.999954
1344,0.029359
1345,0.000001
1346,0.000569
1347,0.000000
1348,0.000000
1349,0.006467
135,0.000000
1350,0.999944
1351,0.999993
1352,0.012312
1353,1.000000
1354,0.000557
1355,0.000004
1356,0.999999
1357,0.133215
1358,0.868011
1359,0.175360
136,0.000055
1360,0.995293
1361,0.000074
1362,0.004142
1363,0.000913
1364,0.000014
1365,0.001972
1366,0.999911
1367,0.178111
1368,0.007845
1369,0.203553
137,1.000000
1370,0.000000
1371,0.064317
1372,0.999999
1373,1.000000
1374,0.000640
1375,0.000003
1376,1.000000
1377,0.999968
1378,0.994209
1379,0.000000
138,0.082609
1380,0.666788
1381,0.999917
1382,1.000000
1383,0.000005
1384,0.996693
1385,1.000000
1386,0.996780
1387,1.000000
1388,0.000046
1389,0.999982
139,0.788535
1390,0.001396
1391,0.000549
1392,0.000044
1393,0.993014
1394,0.000000
1395,0.999909
1396,0.002056
1397,0.008199
1398,0.000070
1399,1.000000
14,0.003115
140,0.000023
1400,0.999990
1401,1.000000
1402,0.999999
1403,0.001511
1404,0.000001
1405,0.999990
1406,0.000003
1407,0.002843
1408,0.000000
1409,0.999968
141,0.000000
1410,0.000003
1411,0.999998
1412,0.000002
1413,0.993674
1414,0.999685
1415,0.001692
1416,0.000000
1417,0.000005
1418,0.000001
1419,0.004234
142,0.967508
1420,1.000000
1421,0.999192
1422,0.011142
1423,0.243247
1424,1.000000
1425,0.010083
1426,0.000000
1427,0.999985
1428,0.999892
1429,1.000000
143,0.999960
1430,1.000000
1431,0.999998
1432,1.000000
1433,0.975012
1434,1.000000
1435,0.992330
1436,1.000000
1437,1.000000
1438,0.000086
1439,0.005345
144,0.495973
1440,0.002363
1441,0.000000
1442,0.897129
1443,0.994068
1444,0.999887
1445,1.000000
1446,0.004319
1447,0.007899
1448,0.152854
1449,0.999708
145,0.032286
1450,0.050740
1451,0.147440
1452,0.995838
1453,0.000011
1454,0.000018
1455,0.000000
1456,0.000631
1457,0.999999
1458,0.917214
1459,0.000012
146,1.000000
1460,0.043913
1461,0.000000
1462,0.784169
1463,0.000000
1464,0.004740
1465,0.000238
1466,0.090129
1467,0.002974
1468,1.000000
1469,0.999998
147,0.998639
1470,0.999995
1471,1.000000
1472,0.000006
1473,0.000039
1474,0.000189
1475,0.000000
1476,0.993195
1477,0.999967
1478,0.000000
1479,0.631723
148,0.006014
1480,0.000002
1481,0.999998
1482,0.995362
1483,1.000000
1484,0.000000
1485,0.000180
1486,0.999999
1487,0.001157
1488,0.000000
1489,0.042798
149,0.000001
1490,0.999958
1491,0.000000
1492,0.000005
1493,1.000000
1494,0.000001
1495,0.992722
1496,0.938243
1497,1.000000
1498,1.000000
1499,0.001737
15,0.000031
150,0.020797
1500,0.000001
1501,0.999888
1502,0.000006
1503,0.000198
1504,0.007160
1505,0.001338
1506,0.999936
1507,0.000000
1508,1.000000
1509,0.999999
151,0.802919
1510,0.110380
1511,0.000072
1512,0.999939
1513,0.000245
1514,0.000034
1515,0.571145
1516,0.999809
1517,0.766320
1518,0.000000
1519,0.983511
152,0.000072
1520,0.000119
1521,0.994920
1522,0.000000
1523,0.000002
1524,0.000204
1525,0.999998
1526,1.000000
1527,0.000606
1528,0.000002
1529,0.999984
153,0.000000
1530,1.000000
1531,1.000000
1532,0.000008
1533,0.000006
1534,0.000312
1535,0.000000
1536,1.000000
1537,1.000000
1538,0.999999
1539,0.038282
154,0.000002
1540,0.000001
1541,0.999976
1542,1.000000
1543,0.321193
1544,0.998127
1545,0.018684
1546,0.999193
1547,0.941445
1548,0.000001
1549,0.999999
155,0.999997
1550,0.939199
1551,0.000001
1552,0.024179
1553,1.000000
1554,1.000000
1555,0.000070
1556,0.001207
1557,0.997711
1558,0.000000
1559,0.000005
156,0.000080
1560,0.000476
1561,0.000736
1562,0.984544
1563,1.000000
1564,1.000000
1565,0.000113
1566,0.003659
1567,0.000000
1568,0.967675
1569,0.999158
157,0.000000
1570,0.000000
1571,0.739824
1572,0.999999
1573,1.000000
1574,0.999998
1575,1.000000
1576,0.999999
1577,0.980877
1578,0.000000
1579,0.000012
158,1.000000
1580,0.999148
1581,1.000000
1582,0.001592
1583,0.068046
1584,0.002881
1585,0.000000
1586,0.000001
1587,0.000160
1588,0.000001
1589,0.000390
159,1.000000
1590,0.999993
1591,1.000000
1592,0.007812
1593,0.387151
1594,0.965979
1595,0.000004
1596,0.804441
1597,0.000067
1598,0.948695
1599,0.993262
16,0.001743
160,0.999616
1600,0.999992
1601,0.000000
1602,0.984764
1603,0.000080
1604,0.000000
1605,0.624620
1606,0.000000
1607,0.000000
1608,0.000000
1609,0.999997
161,0.000036
1610,0.999999
1611,0.000116
1612,0.999999
1613,0.000000
1614,0.000214
1615,0.000008
1616,0.079763
1617,0.999998
1618,0.000020
1619,0.999830
162,0.000629
1620,0.999992
1621,0.834990
1622,0.000004
1623,0.000000
1624,0.000011
1625,0.999863
1626,0.000001
1627,0.049991
1628,0.920635
1629,0.999996
163,0.000001
1630,1.000000
1631,0.010391
1632,1.000000
1633,0.999999
1634,0.956243
1635,0.999837
1636,0.003924
1637,0.999502
1638,1.000000
1639,0.941518
164,0.999499
1640,1.000000
1641,0.000663
1642,0.998959
1643,1.000000
1644,1.000000
1645,1.000000
1646,0.000449
1647,0.999995
1648,0.000002
1649,0.000184
165,0.003193
1650,0.000031
1651,0.000000
1652,0.890021
1653,0.999984
1654,1.000000
1655,0.089863
1656,0.000217
1657,0.000000
1658,0.999999
1659,0.999997
166,0.000125
1660,0.076171
1661,0.000409
1662,0.997100
1663,0.000423
1664,0.000003
1665,0.024734
1666,0.000000
1667,1.000000
1668,0.000031
1669,0.999997
167,0.999712
1670,0.000010
1671,0.884884
1672,0.999980
1673,0.334919
1674,0.435476
1675,0.002906
1676,0.999879
1677,0.999999
1678,0.998882
1679,0.000280
168,0.000000
1680,0.000039
1681,0.000003
1682,1.000000
1683,0.000329
1684,1.000000
1685,0.991506
1686,0.890440
1687,0.999102
1688,0.122068
1689,0.000417
169,0.000037
1690,0.999999
1691,0.999758
1692,0.999996
1693,1.000000
1694,0.002633
1695,0.792834
1696,1.000000
1697,0.000453
1698,0.000001
1699,0.003450
17,0.980878
170,0.000077
1700,0.000057
1701,1.000000
1702,0.993565
1703,0.999665
1704,1.000000
1705,1.000000
1706,0.999987
1707,0.000026
1708,0.322592
1709,0.000026
171,0.056589
1710,0.000000
1711,0.999481
1712,0.000011
1713,0.000000
1714,0.526691
1715,0.955798
1716,0.630823
1717,0.988776
1718,0.000001
1719,0.998158
172,0.904476
1720,0.998430
1721,0.000004
1722,1.000000
1723,0.000255
1724,0.000291
1725,0.999976
1726,0.999996
1727,1.000000
1728,0.997308
1729,0.000007
173,0.967684
1730,0.999997
1731,0.000276
1732,1.000000
1733,1.000000
1734,0.049994
1735,0.009896
1736,0.000000
1737,0.999977
1738,0.000000
1739,0.999756
174,0.000219
1740,0.011534
1741,0.004368
1742,0.999920
1743,0.999884
1744,1.000000
1745,0.000166
1746,0.999955
1747,0.023619
1748,0.001029
1749,0.020297
175,1.000000
1750,0.000195
1751,0.999997
1752,0.000076
1753,0.323494
1754,0.003830
1755,1.000000
1756,0.000000
1757,0.009124
1758,0.939860
1759,1.000000
176,0.999876
1760,0.000000
1761,0.999998
1762,0.999721
1763,0.002175
1764,0.999999
1765,0.000002
1766,0.997607
1767,1.000000
1768,0.986416
1769,1.000000
177,0.995679
1770,0.000032
1771,0.025552
1772,0.008674
1773,0.997776
1774,0.000079
1775,0.025497
1776,0.999998
1777,0.000146
1778,0.287980
1779,0.000044
178,1.000000
1780,0.000236
1781,0.999995
1782,0.999939
1783,0.000000
1784,0.050722
1785,0.000088
1786,0.284004
1787,1.000000
1788,0.998188
1789,0.999967
179,0.885654
1790,0.023700
1791,0.999999
1792,0.000876
1793,0.037973
1794,0.999997
1795,0.001506
1796,0.000380
1797,1.000000
1798,0.030635
1799,0.000013
18,1.000000
180,0.000055
1800,1.000000
1801,1.000000
1802,0.000000
1803,0.999936
1804,0.000073
1805,0.000001
1806,0.066981
1807,0.999927
1808,0.024514
1809,0.999999
181,1.000000
1810,0.897661
1811,1.000000
1812,0.004619
1813,0.999999
1814,0.999996
1815,0.000139
1816,0.999466
1817,1.000000
1818,0.000013
1819,0.620815
182,0.999999
1820,0.000003
1821,0.999999
1822,0.000000
1823,0.002761
1824,0.000214
1825,0.999995
1826,0.081351
1827,0.000000
1828,0.636880
1829,0.999343
183,0.056066
1830,0.000001
1831,0.999935
1832,0.999999
1833,0.002496
1834,0.000000
1835,0.000008
1836,0.038072
1837,0.935867
1838,1.000000
1839,0.000377
184,0.004291
1840,0.999998
1841,1.000000
1842,0.999418
1843,0.568059
1844,0.000052
1845,0.999975
1846,0.961019
1847,0.000001
1848,0.995950
1849,0.999981
185,0.000119
1850,0.793639
1851,1.000000
1852,0.001842
1853,1.000000
1854,0.000648
1855,0.975131
1856,0.994874
1857,0.001224
1858,0.000031
1859,0.999997
186,0.000003
1860,0.966273
1861,0.000002
1862,0.000000
1863,1.000000
1864,0.000000
1865,0.999990
1866,1.000000
1867,0.001656
1868,0.000008
1869,0.000546
187,0.000029
1870,0.010331
1871,1.000000
1872,0.999918
1873,0.975224
1874,1.000000
1875,0.000974
1876,0.999821
1877,0.999795
1878,1.000000
1879,0.001833
188,0.000001
1880,0.000017
1881,0.997701
1882,0.990540
1883,0.000001
1884,0.999389
1885,0.003506
1886,0.051322
1887,0.003417
1888,1.000000
1889,0.002789
189,0.000342
1890,0.001349
1891,1.000000
1892,0.999832
1893,0.002144
1894,0.000009
1895,0.999370
1896,0.000459
1897,0.000112
1898,0.000000
1899,0.000697
19,0.000018
190,1.000000
1900,0.000717
1901,0.000036
1902,0.714604
1903,1.000000
1904,0.999752
1905,0.999675
1906,0.999984
1907,0.008954
1908,0.999463
1909,0.978068
191,0.000589
1910,0.999996
1911,0.178088
1912,0.999989
1913,0.000915
1914,1.000000
1915,0.999994
1916,0.999993
1917,0.989367
1918,0.000000
1919,0.970205
192,0.029302
1920,0.000392
1921,0.000151
1922,0.827220
1923,0.000000
1924,0.002208
1925,1.000000
1926,0.000352
1927,0.000000
1928,0.996213
1929,0.000027
193,0.007719
1930,0.998540
1931,0.062037
1932,0.999595
1933,0.503285
1934,0.000004
1935,0.000481
1936,0.869227
1937,1.000000
1938,0.995027
1939,1.000000
194,0.000000
1940,0.964192
1941,1.000000
1942,0.000005
1943,0.000053
1944,0.000668
1945,0.001614
1946,0.000001
1947,1.000000
1948,1.000000
1949,0.999890
195,0.999990
1950,0.999996
1951,0.000000
1952,0.026202
1953,0.002208
1954,1.000000
1955,0.366810
1956,0.999996
1957,0.000134
1958,0.000000
1959,0.000112
196,0.976283
1960,0.000000
1961,0.026110
1962,0.999995
1963,0.000294
1964,0.091326
1965,0.000000
1966,0.999874
1967,0.000000
1968,1.000000
1969,0.168828
197,0.654195
1970,0.999694
1971,0.000000
1972,0.373803
1973,0.012438
1974,0.000002
1975,0.000022
1976,0.000232
1977,0.971516
1978,0.001822
1979,1.000000
198,0.000000
1980,0.999999
1981,0.999838
1982,0.000017
1983,1.000000
1984,0.999981
1985,0.002201
1986,0.999952
1987,0.996597
1988,0.000000
1989,1.000000
199,0.989097
1990,0.999999
1991,1.000000
1992,0.000087
1993,0.000303
1994,0.995268
1995,0.000000
1996,0.999998
1997,0.999998
1998,1.000000
1999,0.000902
2,1.000000
20,0.000189
200,0.998397
2000,0.992572
2001,0.999988
2002,1.000000
2003,0.000022
2004,0.999992
2005,0.999970
2006,0.730276
2007,0.999960
2008,0.999980
2009,1.000000
201,0.999995
2010,0.988702
2011,0.755447
2012,0.000000
2013,0.016710
2014,0.002219
2015,0.956383
2016,0.005812
2017,0.000010
2018,0.000000
2019,0.000000
202,0.000012
2020,0.000159
2021,0.000126
2022,0.072623
2023,0.312146
2024,0.000009
2025,0.000034
2026,0.778980
2027,0.000712
2028,0.000307
2029,0.000251
203,1.000000
2030,0.067833
2031,0.012447
2032,0.000381
2033,0.988927
2034,0.000742
2035,1.000000
2036,0.000159
2037,0.650794
2038,0.245060
2039,0.006944
204,1.000000
2040,1.000000
2041,0.999680
2042,0.999999
2043,0.315550
2044,0.000027
2045,0.999551
2046,0.996519
2047,0.000009
2048,0.000063
2049,0.000003
205,0.000000
2050,1.000000
2051,0.001124
2052,0.988724
2053,0.565453
2054,0.987675
2055,0.999999
2056,0.999998
2057,0.987408
2058,0.003192
2059,0.983025
206,0.000332
2060,0.999992
2061,0.999159
2062,1.000000
2063,0.997051
2064,0.997948
2065,0.999943
2066,0.000000
2067,0.999956
2068,0.000005
2069,1.000000
207,0.999994
2070,0.998058
2071,0.999725
2072,0.000004
2073,0.000783
2074,0.572746
2075,0.000001
2076,0.000910
2077,0.999196
2078,1.000000
2079,0.000081
208,0.000001
2080,0.998282
2081,0.999895
2082,0.959551
2083,0.951688
2084,1.000000
2085,0.999919
2086,0.999979
2087,0.000976
2088,0.000431
2089,0.000070
209,0.007172
2090,0.005541
2091,0.980041
2092,0.999813
2093,0.000000
2094,0.980618
2095,1.000000
2096,0.004850
2097,0.002498
2098,0.889583
2099,0.997466
21,1.000000
210,0.000000
2100,0.000000
2101,1.000000
2102,0.953186
2103,0.993626
2104,0.982017
2105,0.000007
2106,0.000001
2107,1.000000
2108,0.000128
2109,1.000000
211,0.999998
2110,1.000000
2111,1.000000
2112,0.000000
2113,0.000000
2114,1.000000
2115,0.002798
2116,0.000000
2117,0.570651
2118,0.002459
2119,0.999999
212,1.000000
2120,0.999987
2121,0.999923
2122,1.000000
2123,1.000000
2124,0.953653
2125,0.999957
2126,1.000000
2127,0.001348
2128,0.000054
2129,0.999826
213,0.009978
2130,0.079779
2131,0.000000
2132,0.005658
2133,0.000006
2134,0.999574
2135,1.000000
2136,1.000000
2137,0.001187
2138,0.459609
2139,0.000000
214,0.772037
2140,0.990091
2141,0.000002
2142,0.129897
2143,1.000000
2144,0.000017
2145,0.998502
2146,1.000000
2147,0.014568
2148,0.713058
2149,0.000000
215,0.999998
2150,0.000337
2151,0.024539
2152,0.000002
2153,0.047373
2154,0.999997
2155,0.998468
2156,0.238738
2157,1.000000
2158,0.995910
2159,0.376089
216,0.996302
2160,0.310299
2161,0.000001
2162,0.000001
2163,1.000000
2164,0.000000
2165,0.000020
2166,0.000707
2167,0.000000
2168,0.001337
2169,0.000003
217,0.999968
2170,0.000010
2171,0.998443
2172,0.702892
2173,0.998888
2174,1.000000
2175,0.999248
2176,0.988573
2177,0.999972
2178,0.997373
2179,0.999991
218,0.000000
2180,0.999991
2181,0.210937
2182,1.000000
2183,0.000002
2184,0.999985
2185,0.999999
2186,0.999997
2187,0.000008
2188,0.000003
2189,1.000000
219,0.998152
2190,0.000001
2191,0.000000
2192,0.045814
2193,0.106991
2194,0.987827
2195,0.001915
2196,1.000000
2197,1.000000
2198,0.996799
2199,0.320910
22,0.000053
220,1.000000
2200,0.000000
2201,0.281320
2202,1.000000
2203,0.000001
2204,0.998043
2205,0.000007
2206,0.011601
2207,0.000151
2208,0.000000
2209,0.999996
221,0.000000
2210,1.000000
2211,1.000000
2212,0.998130
2213,0.000003
2214,0.999998
2215,1.000000
2216,0.999758
2217,0.999956
2218,0.004216
2219,0.000369
222,1.000000
2220,1.000000
2221,1.000000
2222,1.000000
2223,0.999547
2224,0.001445
2225,0.017406
2226,0.999748
2227,0.041572
2228,0.999993
2229,0.999998
223,0.999992
2230,0.993355
2231,0.000000
2232,0.999943
2233,0.000000
2234,0.003518
2235,0.000006
2236,0.374646
2237,0.000771
2238,0.999997
2239,0.000300
224,0.000000
2240,1.000000
2241,0.999999
2242,0.000203
2243,0.111996
2244,0.977475
2245,0.000001
2246,0.999903
2247,0.000618
2248,0.129321
2249,0.993103
225,0.999610
2250,1.000000
2251,0.000021
2252,0.033235
2253,0.999999
2254,0.999739
2255,0.999959
2256,0.493954
2257,0.006443
2258,0.999948
2259,0.975643
226,1.000000
2260,0.999928
2261,0.998480
2262,0.061239
2263,0.999887
2264,0.698181
2265,0.001644
2266,0.000003
2267,1.000000
2268,0.000000
2269,0.004484
227,0.999839
2270,0.000690
2271,1.000000
2272,0.999999
2273,0.000000
2274,0.000005
2275,1.000000
2276,0.999977
2277,0.000431
2278,0.001020
2279,0.006661
228,0.000001
2280,0.999884
2281,0.999997
2282,0.000016
2283,0.161386
2284,0.999990
2285,1.000000
2286,0.224428
2287,0.000000
2288,0.000511
2289,0.000001
229,1.000000
2290,0.004159
2291,0.999895
2292,0.000000
2293,0.000239
2294,0.697643
2295,0.999993
2296,0.000128
2297,0.795496
2298,0.000000
2299,0.002650
23,1.000000
230,0.000687
2300,1.000000
2301,1.000000
2302,0.005944
2303,0.000082
2304,0.999998
2305,0.999550
2306,0.999999
2307,0.000000
2308,0.690244
2309,0.784679
231,0.999998
2310,1.000000
2311,0.993022
2312,0.000003
2313,1.000000
2314,0.181617
2315,0.331546
2316,0.989973
2317,0.000000
2318,0.011490
2319,1.000000
232,0.007246
2320,0.765161
2321,0.000000
2322,1.000000
2323,0.000009
2324,0.999966
2325,0.990112
2326,0.002072
2327,0.938126
2328,0.000000
2329,0.000000
233,0.000484
2330,0.074959
2331,0.000472
2332,0.000008
2333,0.999999
2334,0.999999
2335,0.000001
2336,0.999990
2337,0.000093
2338,0.000007
2339,0.999870
234,0.005596
2340,0.999073
2341,0.000002
2342,0.999997
2343,0.000000
2344,0.000183
2345,0.999144
2346,0.000007
2347,0.883439
2348,0.000006
2349,0.000000
235,0.999998
2350,1.000000
2351,0.998980
2352,0.000019
2353,0.001773
2354,0.000000
2355,0.925744
2356,0.000189
2357,0.999933
2358,1.000000
2359,0.999999
236,0.999366
2360,0.000000
2361,0.719263
2362,0.999961
2363,0.000000
2364,0.000000
2365,0.999960
2366,1.000000
2367,0.000000
2368,1.000000
2369,0.000347
237,0.000000
2370,0.010688
2371,0.000104
2372,0.999836
2373,0.999998
2374,0.999996
2375,0.000106
2376,1.000000
2377,0.000001
2378,0.999999
2379,0.000109
238,0.999071
2380,0.000009
2381,1.000000
2382,0.014109
2383,0.999665
2384,0.634186
2385,0.999999
2386,0.999606
2387,0.005363
2388,0.871342
2389,0.999934
239,0.000001
2390,0.000798
2391,0.999974
2392,0.140008
2393,0.999999
2394,0.000015
2395,0.000001
2396,0.000016
2397,0.000001
2398,0.696788
2399,0.000000
24,0.999982
240,0.999980
2400,1.000000
2401,0.000000
2402,0.985668
2403,0.997177
2404,0.999965
2405,0.004467
2406,0.999608
2407,0.000000
2408,0.001148
2409,0.999999
241,0.999998
2410,0.087883
2411,0.000106
2412,0.999991
2413,0.000000
2414,0.000036
2415,0.002644
2416,0.999857
2417,0.137730
2418,0.000034
2419,0.000098
242,0.999999
2420,0.951609
2421,0.000000
2422,0.999910
2423,0.013426
2424,0.000214
2425,0.000000
2426,0.000002
2427,0.000090
2428,0.999981
2429,0.000413
243,0.000000
2430,0.999130
2431,0.999553
2432,0.995062
2433,0.080034
2434,0.002761
2435,0.000447
2436,0.000069
2437,1.000000
2438,1.000000
2439,0.000004
244,0.999996
2440,0.000000
2441,0.001021
2442,1.000000
2443,0.007661
2444,1.000000
2445,0.999742
2446,0.000002
2447,1.000000
2448,0.942400
2449,0.014263
245,0.999973
2450,0.999287
2451,0.999954
2452,0.999999
2453,0.000000
2454,0.000197
2455,0.061233
2456,0.296533
2457,1.000000
2458,0.002270
2459,0.998372
246,0.005739
2460,0.000018
2461,0.000000
2462,1.000000
2463,0.001301
2464,1.000000
2465,0.999999
2466,0.997821
2467,1.000000
2468,0.989184
2469,1.000000
247,1.000000
2470,0.999702
2471,0.997294
2472,0.670852
2473,0.001512
2474,0.999997
2475,0.000003
2476,1.000000
2477,0.000019
2478,0.997428
2479,0.000002
248,0.000108
2480,0.000000
2481,0.999999
2482,0.999921
2483,0.999296
2484,1.000000
2485,0.000001
2486,0.000029
2487,1.000000
2488,0.001109
2489,0.999999
249,0.000040
2490,0.999997
2491,1.000000
2492,0.000000
2493,0.000000
2494,0.999999
2495,0.010597
2496,0.022022
2497,0.002065
2498,1.000000
2499,0.000000
25,0.004643
250,1.000000
2500,0.000000
2501,0.000018
2502,0.000060
2503,0.001173
2504,0.999640
2505,1.000000
2506,1.000000
2507,1.000000
2508,0.031488
2509,1.000000
251,1.000000
2510,0.998713
2511,0.835919
2512,0.000113
2513,0.000000
2514,0.999036
2515,0.991113
2516,0.000035
2517,0.000001
2518,1.000000
2519,0.000013
252,0.000000
2520,1.000000
2521,0.994925
2522,0.007389
2523,0.999706
2524,0.002013
2525,0.187326
2526,0.001491
2527,1.000000
2528,0.504538
2529,0.460933
253,0.999408
2530,0.000006
2531,0.000002
2532,0.999837
2533,1.000000
2534,0.000000
2535,0.000003
2536,0.000542
2537,1.000000
2538,0.000050
2539,0.989717
254,0.000182
2540,0.018741
2541,1.000000
2542,0.000122
2543,0.999795
2544,0.999870
2545,0.000000
2546,0.999998
2547,0.999990
2548,0.000288
2549,0.000007
255,0.314342
2550,0.000262
2551,0.000002
2552,1.000000
2553,0.004537
2554,0.000000
2555,1.000000
2556,0.999900
2557,0.000625
2558,0.000000
2559,1.000000
256,0.001190
2560,1.000000
2561,1.000000
2562,1.000000
2563,0.000002
2564,0.000094
2565,0.011354
2566,0.999996
2567,0.000197
2568,0.998915
2569,1.000000
257,0.999154
2570,0.966738
2571,0.000011
2572,0.001089
2573,0.991327
2574,0.000042
2575,0.900603
2576,0.001892
2577,0.999138
2578,0.000001
2579,0.987460
258,1.000000
2580,0.000044
2581,0.999998
2582,0.999999
2583,1.000000
2584,0.000005
2585,0.000000
2586,0.000003
2587,0.000001
2588,0.014662
2589,0.999999
259,0.000206
2590,1.000000
2591,0.014150
2592,0.000013
2593,0.006066
2594,1.000000
2595,0.021210
2596,0.085914
2597,0.000012
2598,0.990995
2599,0.999996
26,0.999738
260,0.000000
2600,0.734406
2601,0.983746
2602,1.000000
2603,0.010580
2604,0.000296
2605,0.999940
2606,0.994374
2607,0.000101
2608,0.020496
2609,1.000000
261,0.000137
2610,0.000000
2611,0.000000
2612,0.999791
2613,0.999984
2614,0.996745
2615,0.015665
2616,0.999982
2617,1.000000
2618,0.003511
2619,0.000000
262,0.998432
2620,0.000000
2621,0.000000
2622,0.000000
2623,0.000000
2624,0.999606
2625,0.000003
2626,0.999997
2627,1.000000
2628,1.000000
2629,0.999990
263,0.000019
2630,0.000000
2631,0.060152
2632,0.000000
2633,0.166881
2634,0.999997
2635,0.999999
2636,0.034904
2637,0.000671
2638,0.935215
2639,0.000013
264,0.000223
2640,0.000000
2641,0.979843
2642,0.999967
2643,0.999926
2644,0.998323
2645,0.303484
2646,0.000001
2647,0.013754
2648,0.999990
2649,0.000005
265,0.999943
2650,0.002680
2651,0.999997
2652,0.002963
2653,0.000001
2654,0.048979
2655,0.000008
2656,0.999997
2657,0.155851
2658,0.000001
2659,0.972282
266,0.000003
2660,0.000001
2661,0.998373
2662,0.251458
2663,1.000000
2664,0.999897
2665,0.000506
2666,0.016235
2667,0.001758
2668,0.000191
2669,0.000110
267,0.000000
2670,0.000002
2671,0.999984
2672,0.000000
2673,0.998371
2674,0.001615
2675,0.000088
2676,0.000502
2677,0.051636
2678,0.998951
2679,0.400574
268,0.000000
2680,0.999998
2681,0.000000
2682,1.000000
2683,0.999964
2684,0.999830
2685,0.002907
2686,0.000025
2687,0.000000
2688,0.000014
2689,1.000000
269,0.999999
2690,0.000012
2691,1.000000
2692,0.999975
2693,0.000005
2694,0.002665
2695,1.000000
2696,0.000005
2697,1.000000
2698,0.000045
2699,0.000004
27,1.000000
270,1.000000
2700,0.999974
2701,0.001500
2702,0.997308
2703,0.002563
2704,0.999999
2705,0.000000
2706,0.000698
2707,0.097499
2708,0.000000
2709,1.000000
271,1.000000
2710,0.999777
2711,0.000013
2712,0.932451
2713,0.015302
2714,0.431957
2715,0.000000
2716,0.969857
2717,0.986199
2718,1.000000
2719,1.000000
272,0.000000
2720,0.997385
2721,1.000000
2722,1.000000
2723,0.000018
2724,0.999989
2725,0.000001
2726,0.172080
2727,0.998311
2728,0.000743
2729,0.001277
273,0.570398
2730,0.999799
2731,0.000315
2732,0.999443
2733,0.000089
2734,0.000022
2735,0.000120
2736,0.000016
2737,0.999940
2738,0.999999
2739,0.999990
274,0.000046
2740,0.999981
2741,0.000675
2742,0.000001
2743,0.998791
2744,1.000000
2745,0.999992
2746,0.000055
2747,0.026916
2748,0.999882
2749,0.000006
275,0.000002
2750,0.000003
2751,0.999665
2752,0.996509
2753,0.002020
2754,0.012842
2755,0.999964
2756,1.000000
2757,1.000000
2758,0.000023
2759,0.999999
276,0.997215
2760,0.000189
2761,0.998306
2762,0.000072
2763,1.000000
2764,0.000051
2765,0.000016
2766,1.000000
2767,1.000000
2768,1.000000
2769,0.000093
277,0.999751
2770,0.999955
2771,1.000000
2772,0.001610
2773,0.000524
2774,0.999996
2775,0.229540
2776,0.999975
2777,0.991683
2778,1.000000
2779,0.055016
278,0.000533
2780,0.000000
2781,0.014881
2782,0.000011
2783,0.000000
2784,0.000002
2785,0.000000
2786,0.633759
2787,0.999045
2788,0.999994
2789,0.999991
279,0.000001
2790,0.000829
2791,1.000000
2792,0.998241
2793,0.000000
2794,0.000001
2795,0.999964
2796,0.999838
2797,0.019675
2798,0.998294
2799,0.002237
28,0.000000
280,0.999944
2800,1.000000
2801,0.998245
2802,0.995529
2803,0.066637
2804,0.999970
2805,0.000013
2806,0.999995
2807,0.000020
2808,0.000133
2809,0.000281
281,0.998945
2810,0.000000
2811,0.000019
2812,0.000026
2813,0.947513
2814,0.000000
2815,0.000000
2816,0.000938
2817,0.000001
2818,0.000041
2819,0.364101
282,1.000000
2820,1.000000
2821,0.955568
2822,1.000000
2823,0.000000
2824,0.999972
2825,0.115432
2826,0.999989
2827,0.999999
2828,0.000000
2829,0.390305
283,0.000003
2830,0.999999
2831,0.000000
2832,0.999762
2833,1.000000
2834,1.000000
2835,0.999268
2836,0.104675
2837,0.000000
2838,0.000000
2839,0.005584
284,0.999998
2840,0.000001
2841,0.000002
2842,0.794800
2843,0.999897
2844,0.999995
2845,0.999998
2846,0.993158
2847,0.999218
2848,0.000519
2849,0.008441
285,0.000323
2850,0.000003
2851,0.001393
2852,0.000001
2853,0.000001
2854,0.000000
2855,0.999902
2856,0.999626
2857,0.000002
2858,0.002328
2859,0.000293
286,1.000000
2860,0.880724
2861,0.998098
2862,0.952114
2863,0.000001
2864,0.999999
2865,0.002992
2866,0.000019
2867,1.000000
2868,0.999999
2869,0.012485
287,0.000000
2870,1.000000
2871,1.000000
2872,0.000016
2873,0.000000
2874,0.000000
2875,0.999967
2876,0.999817
2877,0.785997
2878,0.999981
2879,0.999995
288,0.000098
2880,0.000023
2881,1.000000
2882,0.999474
2883,0.000043
2884,1.000000
2885,0.995978
2886,0.000001
2887,0.000001
2888,0.000366
2889,1.000000
289,0.999762
2890,0.005531
2891,1.000000
2892,1.000000
2893,0.000189
2894,0.990303
2895,1.000000
2896,0.000000
2897,0.000001
2898,0.598423
2899,0.964589
29,0.999484
290,0.000000
2900,1.000000
2901,0.000001
2902,0.005221
2903,0.004280
2904,0.791866
2905,0.999967
2906,0.000000
2907,0.999981
2908,0.000262
2909,0.000520
291,0.000189
2910,1.000000
2911,1.000000
2912,1.000000
2913,0.998849
2914,0.013249
2915,0.000001
2916,1.000000
2917,0.000000
2918,0.001636
2919,1.000000
292,0.999682
2920,0.000071
2921,0.044863
2922,0.000648
2923,0.999964
2924,0.923580
2925,1.000000
2926,0.999959
2927,0.999816
2928,1.000000
2929,0.000746
293,0.999939
2930,0.000217
2931,0.999959
2932,0.007300
2933,0.000000
2934,0.000051
2935,0.000002
2936,0.999808
2937,0.000000
2938,0.000020
2939,0.999979
294,0.011358
2940,0.999994
2941,0.000004
2942,0.000001
2943,0.021736
2944,0.000010
2945,0.999998
2946,0.999997
2947,0.000000
2948,1.000000
2949,0.949585
295,0.000005
2950,0.966482
2951,0.956887
2952,1.000000
2953,0.000011
2954,0.000000
2955,0.002093
2956,1.000000
2957,0.012250
2958,0.998703
2959,0.001787
296,1.000000
2960,0.013400
2961,0.143664
2962,0.000012
2963,0.000877
2964,1.000000
2965,0.000004
2966,0.000000
2967,0.000001
2968,0.000000
2969,0.815753
297,1.000000
2970,0.000216
2971,1.000000
2972,0.490406
2973,0.009989
2974,0.999911
2975,0.844644
2976,0.260780
2977,0.000578
2978,0.000902
2979,0.030468
298,0.999993
2980,0.000000
2981,0.998527
2982,1.000000
2983,0.000000
2984,0.989676
2985,0.000539
2986,0.001023
2987,0.000000
2988,1.000000
2989,0.000011
299,1.000000
2990,0.999975
2991,0.000000
2992,0.999994
2993,0.003170
2994,0.001531
2995,0.001587
2996,0.999738
2997,0.000002
2998,1.000000
2999,0.000000
3,1.000000
30,0.999706
300,0.000001
3000,0.999769
3001,0.999912
3002,0.992178
3003,0.085561
3004,0.000040
3005,0.027462
3006,0.981004
3007,0.999995
3008,0.000003
3009,1.000000
301,0.000000
3010,0.000037
3011,0.999693
3012,0.000000
3013,0.041568
3014,0.000000
3015,0.335401
3016,1.000000
3017,0.061198
3018,0.999991
3019,1.000000
302,0.000005
3020,0.947102
3021,1.000000
3022,0.173249
3023,0.002912
3024,1.000000
3025,0.000000
3026,0.000000
3027,0.003300
3028,0.999971
3029,0.998754
303,0.000000
3030,0.018439
3031,0.812662
3032,1.000000
3033,0.000026
3034,0.000000
3035,0.000000
3036,0.000000
3037,0.999052
3038,1.000000
3039,0.999574
304,0.000005
3040,0.000117
3041,0.999301
3042,0.000000
3043,0.977237
3044,0.999897
3045,0.989703
3046,0.000000
3047,0.000010
3048,0.000000
3049,0.225288
305,0.000010
3050,0.989969
3051,1.000000
3052,1.000000
3053,0.000147
3054,0.000028
3055,0.025471
3056,0.000029
3057,0.999995
3058,0.000026
3059,0.996161
306,0.999941
3060,0.993192
3061,0.999989
3062,0.964298
3063,0.000387
3064,0.999202
3065,0.999998
3066,1.000000
3067,0.000523
3068,1.000000
3069,0.998292
307,0.999027
3070,1.000000
3071,0.388351
3072,0.999486
3073,1.000000
3074,0.999994
3075,1.000000
3076,0.999197
3077,0.000000
3078,0.999999
3079,0.000011
308,0.000001
3080,0.000029
3081,0.702314
3082,0.786916
3083,1.000000
3084,0.000022
3085,1.000000
3086,0.770141
3087,0.000774
3088,0.000005
3089,0.999957
309,0.000003
3090,0.000000
3091,0.000000
3092,0.999941
3093,0.001635
3094,1.000000
3095,0.999688
3096,0.966898
3097,0.000006
3098,0.000000
3099,0.999853
31,1.000000
310,0.020529
3100,0.000000
3101,1.000000
3102,0.974272
3103,1.000000
3104,0.235474
3105,0.999766
3106,0.000000
3107,0.471209
3108,0.000212
3109,0.024324
311,0.000738
3110,0.980884
3111,0.000600
3112,0.999818
3113,0.000717
3114,0.999981
3115,0.998852
3116,0.999999
3117,0.999173
3118,0.000004
3119,0.999983
312,0.864052
3120,0.993560
3121,0.000007
3122,0.000045
3123,0.000003
3124,0.999783
3125,1.000000
3126,0.000152
3127,0.000014
3128,1.000000
3129,0.785599
313,0.008572
3130,0.000767
3131,0.000344
3132,0.000037
3133,0.999995
3134,0.999996
3135,0.000000
3136,1.000000
3137,0.983718
3138,0.999999
3139,0.290072
314,0.000967
3140,0.995482
3141,0.999997
3142,0.622553
3143,1.000000
3144,0.000001
3145,0.999977
3146,0.000000
3147,1.000000
3148,0.999997
3149,1.000000
315,0.999924
3150,0.917932
3151,0.999999
3152,0.998135
3153,0.000001
3154,0.405964
3155,0.999568
3156,0.999989
3157,1.000000
3158,0.000004
3159,0.550800
316,0.030703
3160,1.000000
3161,0.000290
3162,0.982944
3163,0.000000
3164,0.000005
3165,0.025107
3166,0.998550
3167,0.000002
3168,0.003389
3169,0.002069
317,1.000000
3170,1.000000
3171,0.000021
3172,0.043569
3173,0.000035
3174,0.000050
3175,0.000698
3176,1.000000
3177,0.000000
3178,0.999994
3179,0.000293
318,0.000000
3180,0.000016
3181,1.000000
3182,0.999772
3183,0.003909
3184,0.999998
3185,0.004468
3186,0.016714
3187,1.000000
3188,0.000202
3189,0.999998
319,1.000000
3190,0.000000
3191,0.000000
3192,0.986127
3193,0.000029
3194,0.000134
3195,0.997290
3196,1.000000
3197,0.000017
3198,0.947363
3199,0.000000
32,0.170148
320,0.000171
3200,1.000000
3201,0.999552
3202,0.000011
3203,0.999840
3204,0.999951
3205,0.000028
3206,1.000000
3207,0.000006
3208,0.000010
3209,0.999999
321,0.000413
3210,0.483396
3211,0.000003
3212,0.999996
3213,0.000000
3214,0.000619
3215,0.999987
3216,0.999992
3217,0.999267
3218,0.000189
3219,0.012816
322,0.992464
3220,0.000001
3221,0.000004
3222,0.938582
3223,0.999993
3224,1.000000
3225,0.000002
3226,0.999997
3227,0.156420
3228,0.004917
3229,0.999971
323,0.635992
3230,0.000014
3231,0.000335
3232,0.000000
3233,0.000018
3234,0.891355
3235,0.999383
3236,0.000000
3237,1.000000
3238,0.994277
3239,0.997594
324,0.000003
3240,0.835901
3241,0.828999
3242,0.000000
3243,0.999927
3244,0.999999
3245,0.992398
3246,0.000005
3247,0.999965
3248,0.999549
3249,0.125198
325,0.465518
3250,0.023391
3251,0.000115
3252,0.989969
3253,0.999812
3254,0.947808
3255,0.000001
3256,0.000208
3257,0.000001
3258,0.880477
3259,0.002153
326,0.082945
3260,0.999425
3261,0.997427
3262,0.992516
3263,0.000000
3264,0.943448
3265,0.005157
3266,0.000000
3267,0.013414
3268,0.000000
3269,0.999850
327,0.989844
3270,0.006184
3271,0.002313
3272,0.996245
3273,0.999303
3274,0.999990
3275,0.120184
3276,0.689331
3277,1.000000
3278,0.001530
3279,0.999982
328,0.999988
3280,0.000807
3281,0.000063
3282,0.000020
3283,0.019294
3284,0.990397
3285,0.000008
3286,0.000000
3287,0.998503
3288,0.999996
3289,0.000001
329,0.000000
3290,0.006193
3291,0.951949
3292,0.987136
3293,1.000000
3294,0.999992
3295,0.004097
3296,0.000000
3297,0.000049
3298,0.999995
3299,0.000164
33,0.999995
330,0.000136
3300,0.000000
3301,0.999995
3302,1.000000
3303,0.999998
3304,0.998708
3305,0.000536
3306,0.000288
3307,0.000027
3308,1.000000
3309,1.000000
331,0.489010
3310,1.000000
3311,0.015902
3312,0.510095
3313,0.000004
3314,1.000000
3315,1.000000
3316,0.012898
3317,0.999994
3318,0.001444
3319,0.688438
332,0.405190
3320,0.000118
3321,1.000000
3322,0.005904
3323,1.000000
3324,0.001438
3325,0.998325
3326,0.000046
3327,1.000000
3328,1.000000
3329,1.000000
333,0.988999
3330,0.000000
3331,1.000000
3332,0.000568
3333,0.000022
3334,1.000000
3335,0.004044
3336,0.991969
3337,0.318836
3338,0.999992
3339,0.997032
334,0.001188
3340,1.000000
3341,0.000109
3342,0.000065
3343,0.013741
3344,0.999845
3345,0.824948
3346,0.597959
3347,0.000014
3348,0.068422
3349,0.000002
335,0.000048
3350,0.000061
3351,0.932735
3352,0.000000
3353,0.000001
3354,0.999999
3355,0.740092
3356,0.993310
3357,1.000000
3358,0.999978
3359,0.976327
336,0.000685
3360,0.000057
3361,1.000000
3362,0.999660
3363,0.998479
3364,1.000000
3365,0.983101
3366,1.000000
3367,1.000000
3368,0.000017
3369,0.000017
337,1.000000
3370,0.000000
3371,0.000003
3372,0.999994
3373,0.040112
3374,1.000000
3375,0.999999
3376,0.000250
3377,0.000000
3378,0.999998
3379,0.007969
338,0.000000
3380,1.000000
3381,0.078246
3382,0.000121
3383,0.999550
3384,0.970515
3385,1.000000
3386,0.000001
3387,0.000000
3388,0.000003
3389,0.000000
339,0.000059
3390,0.000000
3391,1.000000
3392,0.000001
3393,0.000011
3394,0.000000
3395,0.999999
3396,0.999407
3397,0.000020
3398,0.000001
3399,0.991437
34,0.000005
340,0.000002
3400,1.000000
3401,1.000000
3402,0.000001
3403,0.000018
3404,0.000164
3405,0.000004
3406,0.000051
3407,1.000000
3408,0.999785
3409,0.999998
341,0.000087
3410,0.999997
3411,0.000736
3412,0.367735
3413,0.999755
3414,1.000000
3415,0.000052
3416,0.950075
3417,0.999915
3418,0.000000
3419,0.999996
342,0.036248
3420,1.000000
3421,0.999899
3422,1.000000
3423,0.000000
3424,0.966913
3425,1.000000
3426,0.999933
3427,0.993340
3428,0.000046
3429,0.000000
343,0.207493
3430,0.999989
3431,0.002898
3432,1.000000
3433,0.999999
3434,1.000000
3435,0.999999
3436,0.842769
3437,0.925276
3438,0.000001
3439,0.000000
344,0.340508
3440,0.993591
3441,0.996709
3442,0.997202
3443,0.000000
3444,0.005660
3445,1.000000
3446,0.999995
3447,0.197367
3448,0.000001
3449,0.000000
345,0.181097
3450,0.014326
3451,0.000133
3452,0.978884
3453,0.002862
3454,0.999795
3455,0.997990
3456,0.000000
3457,0.002425
3458,0.000050
3459,1.000000
346,0.999940
3460,0.081680
3461,0.000000
3462,0.000000
3463,0.000000
3464,1.000000
3465,0.002031
3466,0.992816
3467,0.999892
3468,1.000000
3469,0.998466
347,0.000150
3470,0.999997
3471,0.999927
3472,0.002141
3473,0.000007
3474,0.000022
3475,0.000000
3476,0.000000
3477,0.219911
3478,1.000000
3479,0.999858
348,0.999992
3480,0.001435
3481,0.009409
3482,0.999995
3483,0.140652
3484,0.996987
3485,1.000000
3486,0.999998
3487,0.089960
3488,0.998383
3489,0.000178
349,0.532120
3490,1.000000
3491,1.000000
3492,0.000161
3493,0.000000
3494,0.950555
3495,0.305712
3496,0.000005
3497,1.000000
3498,0.000005
3499,0.000000
35,0.006358
350,0.999469
3500,0.986070
3501,0.000080
3502,0.000011
3503,0.001100
3504,1.000000
3505,1.000000
3506,0.999602
3507,0.999999
3508,0.999695
3509,0.999994
351,0.000000
3510,0.000007
3511,0.999994
3512,1.000000
3513,0.000000
3514,0.000710
3515,1.000000
3516,0.000009
3517,0.045443
3518,0.000239
3519,0.999971
352,1.000000
3520,0.993444
3521,0.928563
3522,0.999980
3523,0.999941
3524,0.999852
3525,0.005271
3526,0.999988
3527,0.999995
3528,0.999641
3529,0.999840
353,0.670842
3530,0.776291
3531,0.014377
3532,0.982799
3533,0.000052
3534,0.002271
3535,1.000000
3536,0.999016
3537,0.036228
3538,0.998385
3539,0.999996
354,0.996454
3540,0.000000
3541,0.000001
3542,0.999938
3543,0.000314
3544,0.983096
3545,0.000007
3546,1.000000
3547,0.000214
3548,0.000001
3549,0.116855
355,0.999997
3550,0.977241
3551,0.000638
3552,0.999992
3553,0.000077
3554,0.999534
3555,0.000000
3556,0.000000
3557,0.999752
3558,0.999917
3559,0.049349
356,0.999685
3560,0.001155
3561,0.000091
3562,0.999869
3563,1.000000
3564,0.811938
3565,0.000001
3566,0.000446
3567,0.980947
3568,1.000000
3569,0.999998
357,0.000000
3570,1.000000
3571,0.997850
3572,0.999996
3573,0.071882
3574,0.992888
3575,0.000437
3576,0.000000
3577,0.000043
3578,0.000001
3579,0.997495
358,0.999987
3580,1.000000
3581,0.006550
3582,1.000000
3583,0.000000
3584,0.000004
3585,1.000000
3586,0.002600
3587,0.999960
3588,0.999431
3589,0.001143
359,0.001532
3590,0.000008
3591,0.000169
3592,0.996248
3593,1.000000
3594,0.000052
3595,0.999946
3596,0.989716
3597,0.000000
3598,0.907235
3599,0.017983
36,0.000010
360,0.002201
3600,1.000000
3601,1.000000
3602,0.000000
3603,0.000034
3604,0.000019
3605,0.000159
3606,1.000000
3607,0.000014
3608,0.999973
3609,0.000000
361,0.781863
3610,1.000000
3611,0.000000
3612,0.000000
3613,0.999997
3614,0.001182
3615,0.306725
3616,0.071068
3617,0.000014
3618,0.000000
3619,0.503121
362,0.000012
3620,0.011321
3621,1.000000
3622,0.000010
3623,0.999971
3624,0.000048
3625,0.675246
3626,1.000000
3627,0.999996
3628,0.000001
3629,0.105964
363,1.000000
3630,0.966761
3631,0.338529
3632,0.990532
3633,0.964538
3634,1.000000
3635,0.000000
3636,0.000000
3637,0.999904
3638,0.000000
3639,0.000000
364,0.000000
3640,0.015130
3641,1.000000
3642,0.979019
3643,0.209680
3644,0.000001
3645,0.897733
3646,0.999999
3647,0.000024
3648,0.999955
3649,0.000000
365,0.999993
3650,0.999582
3651,0.994911
3652,0.000000
3653,0.999995
3654,0.409649
3655,1.000000
3656,0.002794
3657,0.000000
3658,1.000000
3659,0.999998
366,0.999805
3660,0.000008
3661,0.999933
3662,0.025372
3663,0.001771
3664,0.999990
3665,0.209435
3666,0.000001
3667,0.040149
3668,0.000879
3669,0.993810
367,0.999870
3670,0.000052
3671,0.007542
3672,0.000006
3673,0.002203
3674,0.999506
3675,1.000000
3676,1.000000
3677,0.999553
3678,0.001280
3679,0.000377
368,1.000000
3680,0.999996
3681,0.000037
3682,1.000000
3683,0.000011
3684,0.565739
3685,0.013986
3686,0.000002
3687,0.000000
3688,0.999860
3689,0.673876
369,1.000000
3690,0.995803
3691,0.000091
3692,0.000000
3693,0.999996
3694,0.013907
3695,0.002867
3696,0.000066
3697,1.000000
3698,0.000485
3699,0.000761
37,0.000000
370,0.999994
3700,0.000003
3701,0.999973
3702,0.000003
3703,0.000292
3704,0.000001
3705,0.000000
3706,1.000000
3707,0.999875
3708,0.999890
3709,0.553539
371,0.999996
3710,0.995389
3711,0.002145
3712,0.000752
3713,0.999626
3714,0.984730
3715,1.000000
3716,0.999989
3717,0.995511
3718,0.999987
3719,1.000000
372,0.000000
3720,0.002120
3721,0.001113
3722,0.999789
3723,0.000001
3724,0.002164
3725,0.000000
3726,0.000579
3727,0.000038
3728,0.000000
3729,0.040199
373,0.999992
3730,0.070767
3731,0.000000
3732,0.232260
3733,0.000001
3734,1.000000
3735,0.994266
3736,0.999781
3737,0.000002
3738,0.000000
3739,0.999950
374,0.001086
3740,0.005926
3741,0.999999
3742,0.999821
3743,0.000009
3744,1.000000
3745,0.000000
3746,0.000016
3747,0.000049
3748,0.022022
3749,1.000000
375,0.992572
3750,0.982775
3751,0.884008
3752,0.998912
3753,0.000014
3754,0.999597
3755,0.917363
3756,0.999857
3757,0.999874
3758,0.999995
3759,0.000000
376,0.000020
3760,0.916526
3761,1.000000
3762,0.000002
3763,0.011625
3764,0.000009
3765,1.000000
3766,0.000164
3767,0.000171
3768,0.431971
3769,0.008179
377,0.935932
3770,0.999998
3771,0.182416
3772,0.999936
3773,0.506785
3774,0.999960
3775,0.999461
3776,0.000400
3777,0.001432
3778,1.000000
3779,0.000000
378,0.000000
3780,0.999995
3781,0.001790
3782,0.943656
3783,0.999987
3784,1.000000
3785,0.999914
3786,0.000143
3787,0.999702
3788,0.925401
3789,1.000000
379,0.999793
3790,0.000022
3791,0.003477
3792,0.985913
3793,0.999998
3794,0.999931
3795,0.999923
3796,0.000000
3797,0.872139
3798,0.001358
3799,1.000000
38,0.000030
380,0.975496
3800,0.661481
3801,1.000000
3802,0.999997
3803,1.000000
3804,0.000030
3805,0.995911
3806,0.999937
3807,0.999999
3808,1.000000
3809,0.999880
381,0.999558
3810,0.999999
3811,0.999978
3812,0.999991
3813,0.999908
3814,0.999855
3815,0.000003
3816,1.000000
3817,0.999164
3818,0.996625
3819,0.079269
382,0.000653
3820,0.999999
3821,0.000000
3822,0.000399
3823,0.832047
3824,0.956101
3825,0.000001
3826,0.999999
3827,0.999764
3828,1.000000
3829,1.000000
383,1.000000
3830,0.000000
3831,0.000000
3832,0.000101
3833,1.000000
3834,0.000653
3835,0.000000
3836,0.974450
3837,0.983586
3838,0.897581
3839,0.000027
384,1.000000
3840,0.000000
3841,0.007177
3842,0.000340
3843,0.001016
3844,0.953561
3845,0.040266
3846,0.012646
3847,0.001007
3848,0.000030
3849,1.000000
385,0.999998
3850,0.000229
3851,0.000835
3852,0.112902
3853,0.003520
3854,0.000000
3855,1.000000
3856,0.000000
3857,0.000004
3858,0.999999
3859,0.000976
386,0.000784
3860,0.991880
3861,0.021184
3862,0.660896
3863,0.000127
3864,0.012406
3865,0.000008
3866,0.000056
3867,0.999989
3868,0.000000
3869,0.000000
387,0.000001
3870,0.024465
3871,0.019468
3872,0.000026
3873,0.000000
3874,1.000000
3875,1.000000
3876,0.000000
3877,0.999867
3878,0.006026
3879,0.030587
388,0.000019
3880,0.000045
3881,0.176834
3882,0.999446
3883,0.000140
3884,1.000000
3885,0.000000
3886,0.000004
3887,0.000000
3888,0.000004
3889,0.003972
389,0.999996
3890,0.000002
3891,0.999984
3892,0.000002
3893,0.997489
3894,1.000000
3895,0.000003
3896,0.999985
3897,0.991955
3898,0.000001
3899,0.999990
39,0.998900
390,0.000025
3900,0.000000
3901,0.000000
3902,0.000856
3903,0.000000
3904,0.999908
3905,0.998811
3906,0.882428
3907,0.999692
3908,0.999632
3909,0.995615
391,0.007232
3910,0.997945
3911,0.000138
3912,0.000000
3913,0.999962
3914,0.999991
3915,0.999706
3916,0.407604
3917,0.999999
3918,1.000000
3919,1.000000
392,0.273421
3920,0.000001
3921,1.000000
3922,0.256724
3923,0.984066
3924,0.999828
3925,0.999975
3926,0.998499
3927,0.970482
3928,0.998290
3929,1.000000
393,0.001312
3930,0.002487
3931,0.893058
3932,0.000001
3933,0.999475
3934,0.002376
3935,0.003567
3936,0.000003
3937,0.861938
3938,0.006202
3939,0.993364
394,0.999994
3940,1.000000
3941,0.999991
3942,1.000000
3943,1.000000
3944,0.006900
3945,0.999802
3946,0.999227
3947,0.999986
3948,1.000000
3949,0.999998
395,0.999554
3950,0.999998
3951,0.000000
3952,0.999776
3953,0.000866
3954,0.999999
3955,1.000000
3956,0.999998
3957,0.000089
3958,0.000019
3959,0.000008
396,0.098190
3960,0.999937
3961,0.999949
3962,1.000000
3963,0.003215
3964,0.001023
3965,0.996300
3966,0.998726
3967,0.998717
3968,1.000000
3969,0.999498
397,1.000000
3970,0.506719
3971,0.000012
3972,0.416393
3973,0.999999
3974,0.995158
3975,0.002197
3976,0.000029
3977,0.000002
3978,0.006623
3979,0.999966
398,0.000031
3980,0.067523
3981,1.000000
3982,0.000181
3983,0.000000
3984,0.999875
3985,1.000000
3986,0.999930
3987,0.517384
3988,0.999994
3989,0.999972
399,0.999999
3990,0.999840
3991,0.002939
3992,0.000002
3993,0.001408
3994,0.000115
3995,0.000689
3996,0.999367
3997,0.999897
3998,0.997860
3999,0.974040
4,0.999996
40,0.000032
400,0.992349
4000,0.000002
4001,0.997995
4002,0.003305
4003,0.000008
4004,0.000033
4005,0.000006
4006,0.999996
4007,0.108732
4008,0.000006
4009,0.997421
401,0.999737
4010,0.000035
4011,0.000000
4012,0.000714
4013,0.001074
4014,0.000069
4015,0.000000
4016,0.005248
4017,0.000907
4018,0.000000
4019,0.000020
402,0.000039
4020,0.032855
4021,0.991953
4022,0.000000
4023,1.000000
4024,1.000000
4025,0.999980
4026,0.999680
4027,0.999999
4028,0.010260
4029,0.000315
403,0.999955
4030,0.000010
4031,0.996344
4032,0.575372
4033,0.998472
4034,0.000085
4035,0.000000
4036,0.996799
4037,0.000284
4038,0.000154
4039,0.047596
404,0.000000
4040,0.999907
4041,0.952166
4042,0.999801
4043,1.000000
4044,0.999976
4045,0.031129
4046,0.000000
4047,0.000000
4048,0.000000
4049,1.000000
405,0.999941
4050,0.999968
4051,0.000079
4052,0.000000
4053,0.999994
4054,0.999981
4055,0.618863
4056,0.151852
4057,0.999622
4058,0.001237
4059,0.173650
406,0.999611
4060,0.000000
4061,0.000011
4062,0.999969
4063,0.314488
4064,0.001820
4065,0.059303
4066,0.008913
4067,0.999991
4068,0.000008
4069,0.999998
407,0.001255
4070,0.000060
4071,1.000000
4072,1.000000
4073,1.000000
4074,0.000003
4075,0.000018
4076,0.000580
4077,0.999965
4078,0.048004
4079,0.013582
408,0.001458
4080,0.998595
4081,0.460907
4082,0.998847
4083,0.999998
4084,0.000000
4085,0.000656
4086,0.999399
4087,0.000003
4088,0.000028
4089,0.665421
409,0.009136
4090,0.999732
4091,0.999090
4092,1.000000
4093,0.000000
4094,0.000090
4095,1.000000
4096,0.000139
4097,0.000000
4098,0.000008
4099,1.000000
41,0.999996
410,0.000000
4100,0.000001
4101,0.000001
4102,1.000000
4103,0.996843
4104,1.000000
4105,0.000000
4106,0.000009
4107,0.999163
4108,0.965758
4109,0.000751
411,0.999979
4110,1.000000
4111,0.000003
4112,0.000017
4113,0.965290
4114,0.000000
4115,0.000789
4116,1.000000
4117,0.000165
4118,0.980494
4119,0.000000
412,0.999972
4120,0.000046
4121,0.997126
4122,0.993874
4123,0.000001
4124,0.000097
4125,0.999963
4126,1.000000
4127,0.002068
4128,0.000000
4129,0.014853
413,1.000000
4130,1.000000
4131,0.985512
4132,0.706256
4133,0.000009
4134,0.000000
4135,0.810800
4136,1.000000
4137,0.000085
4138,0.979073
4139,0.000021
414,0.000002
4140,0.000123
4141,0.988902
4142,1.000000
4143,0.999911
4144,0.999983
4145,0.999999
4146,0.000001
4147,0.001581
4148,0.001065
4149,0.000000
415,0.999898
4150,0.000233
4151,0.000002
4152,0.997802
4153,0.000000
4154,0.000041
4155,0.999989
4156,0.000018
4157,0.007998
4158,0.000003
4159,0.000009
416,0.000000
4160,0.000092
4161,1.000000
4162,0.000000
4163,0.001102
4164,0.999996
4165,1.000000
4166,1.000000
4167,0.000065
4168,0.000159
4169,0.000135
417,0.999103
4170,1.000000
4171,1.000000
4172,0.004012
4173,0.999976
4174,0.990138
4175,1.000000
4176,0.669409
4177,0.999885
4178,0.999876
4179,0.085884
418,0.999988
4180,0.999999
4181,0.000023
4182,0.000081
4183,0.000000
4184,0.000024
4185,0.000000
4186,0.999998
4187,0.000000
4188,0.000000
4189,0.000000
419,0.984460
4190,0.398689
4191,0.999999
4192,1.000000
4193,0.116604
4194,1.000000
4195,0.995150
4196,0.999970
4197,0.000107
4198,0.973594
4199,0.999993
42,1.000000
420,1.000000
4200,0.047771
4201,0.000000
4202,0.000063
4203,1.000000
4204,0.000000
4205,0.000320
4206,0.999924
4207,0.000158
4208,0.037406
4209,0.011468
421,0.999998
4210,1.000000
4211,0.000317
4212,0.007561
4213,0.001115
4214,0.000000
4215,0.999999
4216,0.999988
4217,0.000121
4218,1.000000
4219,1.000000
422,0.999985
4220,0.012862
4221,0.001691
4222,0.001548
4223,0.996968
4224,0.856262
4225,0.044109
4226,0.000019
4227,0.000482
4228,0.000000
4229,0.999987
423,1.000000
4230,1.000000
4231,1.000000
4232,0.016932
4233,0.999998
4234,0.665544
4235,0.999768
4236,0.000085
4237,0.999941
4238,0.040120
4239,0.000219
424,1.000000
4240,0.987557
4241,0.000213
4242,1.000000
4243,0.999994
4244,0.035143
4245,1.000000
4246,0.658071
4247,0.999999
4248,0.999995
4249,0.000001
425,0.999990
4250,0.000000
4251,0.998642
4252,0.985947
4253,0.000027
4254,0.000000
4255,1.000000
4256,0.013549
4257,1.000000
4258,1.000000
4259,0.999961
426,0.000136
4260,1.000000
4261,0.944368
4262,0.552389
4263,0.000002
4264,0.999983
4265,0.998419
4266,0.423917
4267,1.000000
4268,0.999910
4269,0.000000
427,0.149260
4270,0.000287
4271,0.000000
4272,0.999979
4273,0.005793
4274,0.999954
4275,0.116656
4276,0.060226
4277,0.000007
4278,0.000001
4279,0.000002
428,0.000046
4280,0.003202
4281,0.000006
4282,0.999999
4283,0.003392
4284,0.000022
4285,0.000240
4286,0.003393
4287,0.999998
4288,0.000001
4289,0.999999
429,1.000000
4290,1.000000
4291,0.000006
4292,0.000009
4293,0.000068
4294,0.999999
4295,1.000000
4296,0.000000
4297,0.994730
4298,0.001997
4299,0.999716
43,1.000000
430,1.000000
4300,1.000000
4301,0.000485
4302,0.999733
4303,0.998050
4304,1.000000
4305,0.055743
4306,0.001014
4307,0.999997
4308,0.000006
4309,0.999999
431,1.000000
4310,0.002617
4311,0.000712
4312,0.000660
4313,0.000332
4314,1.000000
4315,0.999299
4316,0.999967
4317,0.999999
4318,0.000000
4319,0.999991
432,0.002574
4320,0.251741
4321,0.999999
4322,0.999968
4323,0.075384
4324,0.000210
4325,0.999993
4326,0.011291
4327,1.000000
4328,0.999980
4329,0.010018
433,0.999985
4330,1.000000
4331,0.058031
4332,0.000000
4333,0.999986
4334,0.999042
4335,0.999993
4336,1.000000
4337,0.000000
4338,0.999982
4339,0.000069
434,0.923996
4340,0.991751
4341,0.999872
4342,0.989477
4343,0.998603
4344,0.999999
4345,0.000000
4346,0.000203
4347,1.000000
4348,0.000166
4349,0.997326
435,1.000000
4350,1.000000
4351,0.995852
4352,1.000000
4353,0.957259
4354,0.999858
4355,0.000000
4356,0.010809
4357,0.999943
4358,0.992079
4359,0.010417
436,0.002132
4360,0.907037
4361,0.000000
4362,1.000000
4363,0.001698
4364,0.000018
4365,0.000000
4366,0.008896
4367,1.000000
4368,0.001041
4369,1.000000
437,0.000005
4370,0.999997
4371,0.000198
4372,0.000036
4373,0.000080
4374,0.000002
4375,0.867698
4376,0.000016
4377,0.000126
4378,1.000000
4379,0.001322
438,0.110382
4380,0.000042
4381,0.006358
4382,0.994118
4383,0.998669
4384,0.000017
4385,0.999992
4386,0.021140
4387,0.000153
4388,0.999999
4389,0.000534
439,0.997397
4390,0.999979
4391,0.999893
4392,0.000001
4393,0.999979
4394,0.053763
4395,0.000021
4396,0.999967
4397,1.000000
4398,0.000004
4399,0.041132
44,0.999463
440,0.947665
4400,1.000000
4401,0.999900
4402,0.001914
4403,0.000724
4404,1.000000
4405,0.999970
4406,0.987546
4407,1.000000
4408,1.000000
4409,0.993338
441,0.001402
4410,1.000000
4411,1.000000
4412,0.000000
4413,1.000000
4414,0.000000
4415,0.998994
4416,0.995100
4417,0.999999
4418,0.000010
4419,0.065442
442,0.000000
4420,0.998250
4421,1.000000
4422,1.000000
4423,0.001096
4424,1.000000
4425,0.001504
4426,0.999946
4427,0.999963
4428,0.000008
4429,1.000000
443,0.999348
4430,1.000000
4431,0.001016
4432,0.999972
4433,0.000000
4434,0.999982
4435,0.000000
4436,1.000000
4437,0.897680
4438,0.010546
4439,1.000000
444,0.037676
4440,0.000001
4441,0.000448
4442,0.235046
4443,0.695663
4444,0.000000
4445,0.000001
4446,0.007665
4447,1.000000
4448,0.000473
4449,0.000092
445,0.019559
4450,0.001928
4451,0.999424
4452,0.986280
4453,0.892583
4454,0.000077
4455,0.000000
4456,0.999669
4457,1.000000
4458,0.000002
4459,0.000001
446,0.999892
4460,0.059853
4461,0.000144
4462,0.000034
4463,0.003458
4464,1.000000
4465,0.999965
4466,0.999956
4467,1.000000
4468,0.971070
4469,0.999704
447,0.000000
4470,0.000163
4471,0.521609
4472,0.999875
4473,1.000000
4474,0.012342
4475,0.000001
4476,0.000247
4477,0.000015
4478,0.350139
4479,0.000077
448,0.000052
4480,0.928856
4481,0.000039
4482,0.023949
4483,0.997520
4484,0.000001
4485,0.000001
4486,0.000027
4487,0.000000
4488,0.000971
4489,0.003771
449,0.000000
4490,0.060652
4491,1.000000
4492,0.998351
4493,0.003650
4494,1.000000
4495,0.000001
4496,0.000033
4497,0.000002
4498,0.994109
4499,0.999910
45,0.000000
450,1.000000
4500,0.000140
4501,1.000000
4502,0.999186
4503,0.009249
4504,0.000000
4505,0.523480
4506,0.001174
4507,0.008410
4508,0.000001
4509,0.000027
451,0.009704
4510,0.000000
4511,0.995244
4512,0.999065
4513,0.018429
4514,0.004191
4515,0.999818
4516,1.000000
4517,0.000047
4518,0.026929
4519,0.000008
452,0.312614
4520,0.999998
4521,0.000016
4522,0.031161
4523,0.000504
4524,0.000000
4525,0.000000
4526,0.404692
4527,0.008980
4528,0.002184
4529,0.000000
453,1.000000
4530,0.000000
4531,0.999999
4532,0.000248
4533,0.000000
4534,0.000202
4535,0.999997
4536,0.000005
4537,0.999999
4538,0.047647
4539,0.999988
454,0.000000
4540,0.004517
4541,0.999996
4542,0.000103
4543,0.999856
4544,0.000724
4545,0.000021
4546,0.999820
4547,0.829190
4548,1.000000
4549,0.010761
455,0.000040
4550,0.000198
4551,1.000000
4552,0.000000
4553,0.000026
4554,1.000000
4555,0.000009
4556,0.000000
4557,0.000314
4558,0.999820
4559,1.000000
456,0.019047
4560,0.000044
4561,0.000000
4562,0.999963
4563,0.013771
4564,0.959863
4565,0.000001
4566,0.999996
4567,0.997546
4568,0.000016
4569,0.001125
457,0.999472
4570,0.986958
4571,0.722459
4572,0.000054
4573,0.984381
4574,0.999932
4575,0.999995
4576,0.000000
4577,1.000000
4578,0.999113
4579,0.003814
458,0.003236
4580,0.216794
4581,0.999788
4582,0.000001
4583,0.000098
4584,0.000000
4585,0.040441
4586,0.999999
4587,0.000000
4588,0.739488
4589,0.000000
459,0.999985
4590,0.999994
4591,0.000000
4592,0.002036
4593,0.999879
4594,0.999986
4595,0.000129
4596,1.000000
4597,0.000000
4598,0.999994
4599,0.999996
46,0.999841
460,0.996978
4600,0.000240
4601,0.077916
4602,0.999777
4603,0.999946
4604,0.000000
4605,0.008649
4606,1.000000
4607,0.131178
4608,0.000000
4609,0.000056
461,0.004069
4610,0.000000
4611,0.795174
4612,0.000143
4613,0.003196
4614,0.001952
4615,0.995188
4616,0.999998
4617,0.038783
4618,0.999940
4619,0.002874
462,0.000000
4620,0.001872
4621,0.001585
4622,1.000000
4623,1.000000
4624,0.966487
4625,0.021160
4626,0.999943
4627,1.000000
4628,1.000000
4629,0.000000
463,0.995766
4630,0.288771
4631,0.990629
4632,0.000000
4633,0.001347
4634,0.000006
4635,1.000000
4636,0.912185
4637,0.749588
4638,0.000000
4639,0.004554
464,0.000034
4640,0.999947
4641,0.998301
4642,0.354683
4643,0.999991
4644,0.004257
4645,0.000002
4646,0.993707
4647,1.000000
4648,0.000079
4649,0.998827
465,0.000000
4650,0.984792
4651,0.999897
4652,0.096410
4653,0.000802
4654,0.999998
4655,0.000000
4656,0.999289
4657,0.000736
4658,0.000119
4659,0.002079
466,0.998675
4660,0.014290
4661,0.000004
4662,0.000000
4663,0.115546
4664,1.000000
4665,1.000000
4666,1.000000
4667,0.999947
4668,1.000000
4669,0.979653
467,1.000000
4670,0.000112
4671,0.999992
4672,0.000130
4673,0.052818
4674,1.000000
4675,0.999952
4676,1.000000
4677,1.000000
4678,0.000006
4679,0.999991
468,0.000016
4680,0.999988
4681,0.000000
4682,0.000049
4683,0.000000
4684,0.962222
4685,0.999999
4686,0.000000
4687,0.002171
4688,0.270922
4689,0.534829
469,0.999928
4690,0.000001
4691,0.999999
4692,0.000000
4693,0.999176
4694,0.000000
4695,0.000000
4696,0.000014
4697,0.000001
4698,0.990693
4699,0.925043
47,0.000002
470,0.999986
4700,1.000000
4701,0.000211
4702,0.053356
4703,0.000508
4704,0.000000
4705,0.883060
4706,0.000000
4707,0.176519
4708,0.885795
4709,0.967001
471,0.000001
4710,1.000000
4711,1.000000
4712,0.000000
4713,0.999988
4714,0.976996
4715,0.999878
4716,0.000220
4717,0.999999
4718,0.999831
4719,0.139465
472,0.999993
4720,0.999976
4721,0.069227
4722,0.000014
4723,1.000000
4724,0.979939
4725,0.001925
4726,0.999926
4727,0.661547
4728,0.001472
4729,0.999995
473,0.981185
4730,0.969674
4731,0.999997
4732,0.996236
4733,0.896251
4734,0.999464
4735,0.002555
4736,0.999998
4737,0.998931
4738,0.986493
4739,0.045928
474,0.601579
4740,0.000030
4741,0.000006
4742,0.000000
4743,0.934688
4744,0.999999
4745,0.941548
4746,0.951537
4747,0.058981
4748,0.815467
4749,0.000019
475,1.000000
4750,1.000000
4751,0.002118
4752,0.140062
4753,0.013810
4754,0.100665
4755,1.000000
4756,0.999907
4757,0.999945
4758,0.001375
4759,0.814315
476,0.000004
4760,0.001279
4761,0.000005
4762,0.046257
4763,1.000000
4764,0.000891
4765,1.000000
4766,0.000356
4767,1.000000
4768,0.000001
4769,0.000000
477,0.001595
4770,0.000032
4771,0.998784
4772,1.000000
4773,1.000000
4774,0.993213
4775,0.010359
4776,0.199998
4777,0.025287
4778,0.999589
4779,0.000000
478,0.000000
4780,1.000000
4781,0.000001
4782,1.000000
4783,0.999994
4784,0.999492
4785,0.000013
4786,0.687680
4787,0.999561
4788,1.000000
4789,0.001922
479,0.998255
4790,0.999999
4791,0.976823
4792,0.999794
4793,0.000000
4794,0.999853
4795,0.890229
4796,0.022149
4797,0.999992
4798,0.016667
4799,0.999993
48,0.999868
480,0.999972
4800,0.000199
4801,0.999731
4802,1.000000
4803,1.000000
4804,0.996999
4805,0.999992
4806,0.001049
4807,0.000057
4808,1.000000
4809,0.000000
481,0.999947
4810,0.000056
4811,0.208891
4812,0.996233
4813,0.000062
4814,1.000000
4815,1.000000
4816,0.999920
4817,0.000054
4818,0.556669
4819,0.000001
482,1.000000
4820,1.000000
4821,0.999996
4822,0.762755
4823,1.000000
4824,0.999935
4825,0.999833
4826,1.000000
4827,0.886408
4828,1.000000
4829,0.000321
483,0.999519
4830,0.000170
4831,0.000046
4832,1.000000
4833,0.000335
4834,0.999997
4835,0.999348
4836,0.999968
4837,0.000016
4838,0.767155
4839,0.000007
484,0.000057
4840,1.000000
4841,0.001516
4842,0.980428
4843,0.116748
4844,0.000009
4845,0.000765
4846,0.948506
4847,0.967818
4848,0.000004
4849,0.999333
485,0.999728
4850,1.000000
4851,0.004449
4852,0.999745
4853,0.000013
4854,1.000000
4855,0.000150
4856,0.999996
4857,0.998318
4858,0.999997
4859,0.000000
486,1.000000
4860,0.944916
4861,0.998906
4862,0.243160
4863,0.000042
4864,0.038961
4865,1.000000
4866,0.999997
4867,1.000000
4868,0.008314
4869,0.000000
487,0.001130
4870,1.000000
4871,1.000000
4872,0.999925
4873,1.000000
4874,0.965903
4875,0.861939
4876,0.843443
4877,0.000000
4878,0.001911
4879,0.987246
488,0.002700
4880,0.000034
4881,0.034181
4882,0.000059
4883,0.961751
4884,0.000000
4885,0.001541
4886,0.000000
4887,0.990712
4888,0.000660
4889,0.999999
489,0.950024
4890,0.998710
4891,0.015137
4892,0.004713
4893,0.000400
4894,0.995956
4895,0.694836
4896,0.000011
4897,0.996066
4898,0.952232
4899,0.000000
49,1.000000
490,0.990827
4900,0.002427
4901,0.737693
4902,0.999992
4903,0.000393
4904,0.000129
4905,0.000072
4906,0.000001
4907,0.000005
4908,0.999655
4909,0.987195
491,0.999993
4910,0.005873
4911,1.000000
4912,0.984451
4913,0.998284
4914,0.000000
4915,0.999990
4916,0.012596
4917,0.000059
4918,0.999185
4919,0.941356
492,0.032152
4920,0.000001
4921,0.000776
4922,0.000025
4923,0.000056
4924,0.020348
4925,0.000310
4926,1.000000
4927,0.947102
4928,0.000000
4929,1.000000
493,0.000023
4930,0.003293
4931,0.999648
4932,0.000210
4933,0.043398
4934,0.000012
4935,1.000000
4936,0.000017
4937,0.999884
4938,0.999974
4939,0.999996
494,0.000001
4940,1.000000
4941,0.999493
4942,0.999996
4943,0.000005
4944,0.000220
4945,0.001087
4946,0.999997
4947,0.057404
4948,0.000001
4949,0.000081
495,0.745708
4950,0.999993
4951,0.000067
4952,1.000000
4953,0.999999
4954,0.999997
4955,0.999999
4956,0.003771
4957,0.000000
4958,0.000821
4959,0.955526
496,0.999987
4960,0.999424
4961,0.000249
4962,1.000000
4963,1.000000
4964,0.000183
4965,0.175863
4966,0.999930
4967,0.000000
4968,0.000000
4969,0.999999
497,0.000353
4970,0.000000
4971,1.000000
4972,0.000000
4973,1.000000
4974,0.999996
4975,0.000012
4976,0.959328
4977,0.005837
4978,0.000062
4979,0.998997
498,0.994941
4980,0.999999
4981,0.000001
4982,0.999999
4983,0.000049
4984,0.999354
4985,0.102511
4986,1.000000
4987,0.000000
4988,0.999999
4989,0.997035
499,0.998868
4990,0.000010
4991,0.000000
4992,0.999996
4993,0.999191
4994,0.000001
4995,0.000000
4996,1.000000
4997,0.000031
4998,1.000000
4999,1.000000
5,0.000023
50,0.000533
500,0.001428
5000,0.999999
5001,0.003162
5002,0.000002
5003,1.000000
5004,1.000000
5005,0.000065
5006,0.000001
5007,0.000000
5008,0.000071
5009,0.000000
501,0.996171
5010,0.000198
5011,0.960203
5012,0.000019
5013,0.001155
5014,0.062109
5015,1.000000
5016,0.976753
5017,0.994240
5018,0.067001
5019,0.928849
502,0.000000
5020,0.005404
5021,0.999853
5022,0.999741
5023,0.000034
5024,1.000000
5025,0.000086
5026,0.000153
5027,0.000488
5028,0.000024
5029,0.001683
503,1.000000
5030,0.667027
5031,0.021277
5032,0.002141
5033,0.999998
5034,0.000000
5035,1.000000
5036,0.436174
5037,0.227519
5038,0.000000
5039,0.000253
504,0.000048
5040,1.000000
5041,0.371594
5042,0.752349
5043,0.000048
5044,0.000111
5045,0.999998
5046,1.000000
5047,0.077344
5048,0.971625
5049,1.000000
505,0.000000
5050,0.003619
5051,0.000711
5052,0.999308
5053,0.000008
5054,0.000010
5055,0.000000
5056,0.999981
5057,0.000071
5058,0.013664
5059,0.000390
506,0.000000
5060,0.999995
5061,0.999997
5062,0.999997
5063,0.950196
5064,0.999773
5065,0.000001
5066,0.975163
5067,0.999972
5068,0.999034
5069,0.999658
507,0.999871
5070,1.000000
5071,0.999879
5072,0.999917
5073,1.000000
5074,0.000003
5075,0.000002
5076,0.000001
5077,0.999960
5078,1.000000
5079,0.000000
508,0.999996
5080,0.999786
5081,1.000000
5082,0.001279
5083,0.000000
5084,0.000099
5085,0.000032
5086,0.022749
5087,0.012835
5088,0.000844
5089,0.992292
509,1.000000
5090,0.999988
5091,0.000030
5092,0.998922
5093,0.016320
5094,0.302733
5095,0.010820
5096,0.999998
5097,0.000001
5098,0.999993
5099,0.000030
51,0.000000
510,0.614188
5100,0.999999
5101,0.999994
5102,0.000000
5103,0.000044
5104,0.000071
5105,0.000693
5106,0.000256
5107,0.999693
5108,0.148643
5109,0.007340
511,0.999963
5110,0.000005
5111,1.000000
5112,0.000002
5113,0.351558
5114,1.000000
5115,0.003258
5116,0.997641
5117,0.999963
5118,0.999750
5119,0.000060
512,0.000000
5120,0.999999
5121,0.999620
5122,0.000000
5123,1.000000
5124,0.000081
5125,0.000783
5126,0.000000
5127,0.999994
5128,0.999333
5129,0.820400
513,0.999979
5130,0.999999
5131,0.000126
5132,0.000000
5133,0.000550
5134,0.000000
5135,0.999515
5136,0.000006
5137,0.000000
5138,0.000000
5139,0.024550
514,0.003795
5140,0.387332
5141,0.999838
5142,0.000000
5143,0.956151
5144,0.000095
5145,1.000000
5146,0.999999
5147,0.999997
5148,0.999186
5149,0.000372
515,0.993062
5150,0.999982
5151,0.000361
5152,0.000000
5153,0.021638
5154,0.063252
5155,1.000000
5156,0.999014
5157,1.000000
5158,0.999913
5159,0.999287
516,1.000000
5160,0.127324
5161,0.000078
5162,1.000000
5163,0.999948
5164,0.973215
5165,0.999976
5166,0.914248
5167,0.000043
5168,0.766477
5169,0.000000
517,1.000000
5170,0.001840
5171,1.000000
5172,0.999999
5173,0.923343
5174,0.000007
5175,0.956268
5176,1.000000
5177,1.000000
5178,0.004788
5179,0.005320
518,0.989969
5180,0.999999
5181,0.000005
5182,0.000001
5183,0.000005
5184,0.003665
5185,0.000082
5186,0.000000
5187,1.000000
5188,1.000000
5189,1.000000
519,0.000000
5190,0.003434
5191,0.999968
5192,0.000013
5193,0.001729
5194,0.999998
5195,0.000000
5196,0.000022
5197,0.000014
5198,0.999930
5199,0.010236
52,0.000002
520,0.000016
5200,0.999989
5201,0.000104
5202,0.000001
5203,0.982151
5204,0.000319
5205,0.000000
5206,0.000023
5207,0.000000
5208,0.000005
5209,0.005106
521,0.810266
5210,0.002617
5211,0.000000
5212,0.997915
5213,0.000000
5214,0.000000
5215,0.999940
5216,0.999534
5217,0.918608
5218,0.999993
5219,0.033871
522,0.000001
5220,1.000000
5221,0.000000
5222,0.999999
5223,0.000057
5224,0.999994
5225,0.969528
5226,0.999985
5227,0.000000
5228,1.000000
5229,0.000008
523,1.000000
5230,0.019796
5231,1.000000
5232,0.128913
5233,0.269212
5234,0.998443
5235,0.834802
5236,1.000000
5237,0.999040
5238,0.999767
5239,1.000000
524,0.233472
5240,0.000030
5241,0.999932
5242,1.000000
5243,0.999936
5244,0.999897
5245,0.000000
5246,0.000189
5247,0.000002
5248,0.000428
5249,0.013164
525,0.000001
5250,0.000012
5251,1.000000
5252,0.000000
5253,0.939049
5254,0.002021
5255,0.000001
5256,1.000000
5257,0.000001
5258,0.999983
5259,0.002555
526,0.000593
5260,0.022621
5261,0.000000
5262,0.000000
5263,0.000000
5264,1.000000
5265,0.000126
5266,1.000000
5267,0.000005
5268,0.957666
5269,0.000000
527,0.244969
5270,0.000001
5271,0.999999
5272,0.000010
5273,0.573542
5274,1.000000
5275,0.000016
5276,0.999994
5277,0.999916
5278,0.998906
5279,0.574137
528,1.000000
5280,0.000114
5281,0.866808
5282,0.000078
5283,0.041892
5284,0.000000
5285,0.000009
5286,0.000457
5287,0.000002
5288,0.999995
5289,0.730885
529,0.000000
5290,0.001443
5291,0.999674
5292,0.999143
5293,0.999999
5294,0.000000
5295,0.145641
5296,0.000002
5297,0.000000
5298,0.837479
5299,0.991411
53,0.000298
530,0.000003
5300,0.000073
5301,0.996167
5302,0.999999
5303,0.000026
5304,0.999976
5305,0.999966
5306,1.000000
5307,0.999503
5308,0.998651
5309,0.002883
531,0.954681
5310,0.999984
5311,0.004158
5312,0.000003
5313,0.330255
5314,1.000000
5315,0.999941
5316,0.000001
5317,1.000000
5318,1.000000
5319,0.004345
532,0.827481
5320,1.000000
5321,0.000000
5322,0.999950
5323,0.000056
5324,0.241278
5325,0.000000
5326,0.401723
5327,0.999688
5328,1.000000
5329,0.000003
533,0.000005
5330,0.000019
5331,0.999999
5332,0.999999
5333,0.044396
5334,0.000000
5335,0.719464
5336,0.386013
5337,1.000000
5338,0.000000
5339,1.000000
534,0.999552
5340,0.072160
5341,0.184867
5342,0.000003
5343,1.000000
5344,0.803974
5345,0.000000
5346,0.579354
5347,0.999991
5348,0.999988
5349,0.999896
535,0.000394
5350,0.999905
5351,0.999992
5352,0.000979
5353,0.000209
5354,0.000005
5355,0.095913
5356,0.000485
5357,0.994974
5358,0.998843
5359,0.054215
536,0.940725
5360,0.000001
5361,1.000000
5362,0.407211
5363,0.002501
5364,0.000585
5365,0.000020
5366,0.997989
5367,0.999931
5368,0.000000
5369,0.999956
537,0.000001
5370,1.000000
5371,1.000000
5372,0.000842
5373,0.450794
5374,0.002502
5375,1.000000
5376,0.994381
5377,0.999999
5378,0.999991
5379,0.000002
538,0.000040
5380,1.000000
5381,0.999453
5382,0.959995
5383,0.999996
5384,0.001324
5385,0.999122
5386,0.000001
5387,0.000020
5388,0.999988
5389,0.000041
539,0.000686
5390,0.999999
5391,0.999999
5392,0.000016
5393,0.927453
5394,1.000000
5395,1.000000
5396,0.997084
5397,0.000000
5398,0.000000
5399,1.000000
54,0.000000
540,1.000000
5400,0.999399
5401,0.000003
5402,1.000000
5403,0.999996
5404,0.852818
5405,0.013311
5406,1.000000
5407,0.999998
5408,0.000000
5409,0.999978
541,0.000000
5410,0.936883
5411,0.985920
5412,0.816090
5413,1.000000
5414,0.999817
5415,0.000028
5416,0.001228
5417,0.002548
5418,0.933160
5419,0.898890
542,1.000000
5420,1.000000
5421,0.999642
5422,0.881444
5423,0.000000
5424,0.000050
5425,0.999766
5426,1.000000
5427,1.000000
5428,0.999967
5429,0.000009
543,0.000002
5430,0.000632
5431,0.999243
5432,1.000000
5433,0.999997
5434,0.999989
5435,0.939337
5436,0.999965
5437,1.000000
5438,1.000000
5439,0.822594
544,0.559623
5440,0.999982
5441,0.999433
5442,0.999998
5443,0.999998
5444,0.999550
5445,0.002949
5446,1.000000
5447,0.998237
5448,0.905208
5449,1.000000
545,1.000000
5450,1.000000
5451,0.814766
5452,0.000000
5453,0.002339
5454,0.999959
5455,0.999990
5456,0.000519
5457,0.999652
5458,0.999890
5459,0.997202
546,0.001676
5460,0.001390
5461,0.000602
5462,0.002014
5463,1.000000
5464,1.000000
5465,1.000000
5466,0.021847
5467,1.000000
5468,1.000000
5469,0.999997
547,0.999996
5470,0.999953
5471,0.841362
5472,0.000000
5473,0.489934
5474,0.000000
5475,0.994107
5476,0.000013
5477,0.000787
5478,0.999999
5479,1.000000
548,0.999998
5480,0.000015
5481,0.999999
5482,0.000463
5483,0.000000
5484,0.945864
5485,1.000000
5486,0.000055
5487,1.000000
5488,0.999999
5489,0.999996
549,0.000561
5490,0.999996
5491,1.000000
5492,0.962287
5493,1.000000
5494,0.812671
5495,0.999995
5496,1.000000
5497,0.221940
5498,0.000113
5499,0.000000
55,0.004100
550,0.001141
5500,0.000001
5501,1.000000
5502,0.000679
5503,0.999955
5504,1.000000
5505,0.901351
5506,0.071184
5507,1.000000
5508,0.999999
5509,0.995016
551,0.009191
5510,0.681910
5511,0.991295
5512,0.999996
5513,0.999997
5514,0.999991
5515,1.000000
5516,0.955751
5517,0.332625
5518,0.000000
5519,0.999988
552,1.000000
5520,0.999990
5521,0.724074
5522,0.999999
5523,0.000000
5524,1.000000
5525,0.001431
5526,0.999993
5527,1.000000
5528,0.998964
5529,0.000002
553,0.032521
5530,0.018030
5531,0.997193
5532,1.000000
5533,0.000289
5534,1.000000
5535,0.004503
5536,1.000000
5537,0.000004
5538,0.000805
5539,1.000000
554,0.000053
5540,0.005974
5541,0.116650
5542,0.000005
5543,0.999973
5544,0.000002
5545,0.000011
5546,0.997045
5547,0.000019
5548,0.999400
5549,0.000001
555,1.000000
5550,0.895073
5551,0.999986
5552,0.000000
5553,0.773322
5554,0.999744
5555,0.998982
5556,0.000071
5557,0.001057
5558,0.994247
5559,0.805381
556,0.001715
5560,0.999980
5561,0.999900
5562,1.000000
5563,0.021204
5564,0.000002
5565,0.999924
5566,0.000000
5567,1.000000
5568,1.000000
5569,0.051822
557,0.999999
5570,0.999955
5571,1.000000
5572,0.999975
5573,0.999999
5574,0.982310
5575,1.000000
5576,0.000002
5577,0.999928
5578,0.999912
5579,0.000000
558,0.999999
5580,1.000000
5581,1.000000
5582,0.000000
5583,0.000002
5584,0.999999
5585,0.999979
5586,0.997355
5587,1.000000
5588,0.996510
5589,0.001681
559,1.000000
5590,0.999986
5591,0.999980
5592,1.000000
5593,0.999962
5594,0.999837
5595,0.619527
5596,0.740660
5597,0.285227
5598,0.000002
5599,0.000000
56,0.999690
560,0.999983
5600,0.999968
5601,1.000000
5602,0.999465
5603,0.002151
5604,0.772539
5605,0.000002
5606,0.000000
5607,0.999943
5608,0.999999
5609,0.000063
561,0.000002
5610,1.000000
5611,0.000024
5612,0.000000
5613,1.000000
5614,0.980617
5615,0.001360
5616,0.000049
5617,0.992493
5618,0.998759
5619,0.999977
562,0.000001
5620,1.000000
5621,0.000000
5622,0.000000
5623,0.000001
5624,0.000014
5625,0.999823
5626,0.000002
5627,0.000043
5628,0.999707
5629,0.999999
563,0.000000
5630,0.999997
5631,0.999959
5632,0.001985
5633,0.999301
5634,0.255843
5635,0.999960
5636,0.000166
5637,0.000005
5638,0.000000
5639,0.860168
564,0.000000
5640,0.994676
5641,0.999949
5642,0.999994
5643,0.000013
5644,0.981289
5645,0.000127
5646,0.001585
5647,0.000007
5648,0.006861
5649,1.000000
565,1.000000
5650,1.000000
5651,0.999900
5652,0.000000
5653,0.999974
5654,0.915531
5655,1.000000
5656,0.988424
5657,0.003318
5658,0.996320
5659,0.000007
566,0.000004
5660,1.000000
5661,0.000000
5662,0.999967
5663,0.000006
5664,0.000015
5665,1.000000
5666,0.000000
5667,0.998081
5668,0.000499
5669,0.859634
567,0.001982
5670,0.997778
5671,0.000708
5672,0.999546
5673,0.000066
5674,0.000000
5675,0.999840
5676,0.914944
5677,1.000000
5678,0.000000
5679,0.000000
568,0.999454
5680,1.000000
5681,0.000439
5682,0.000007
5683,0.000000
5684,0.904176
5685,0.000001
5686,0.000000
5687,0.000216
5688,0.999886
5689,0.999999
569,0.138879
5690,0.986347
5691,0.999995
5692,1.000000
5693,0.999999
5694,0.907864
5695,0.141501
5696,0.342466
5697,0.999998
5698,0.999238
5699,0.000000
57,1.000000
570,0.000000
5700,1.000000
5701,1.000000
5702,0.000241
5703,0.999999
5704,0.000209
5705,0.990531
5706,0.999991
5707,0.005927
5708,0.997096
5709,0.000383
571,0.999835
5710,0.000000
5711,0.943448
5712,0.000348
5713,0.000033
5714,0.000000
5715,1.000000
5716,0.000218
5717,0.999834
5718,0.999990
5719,0.000006
572,0.040883
5720,0.000539
5721,0.000037
5722,0.238673
5723,0.000000
5724,0.003747
5725,0.000000
5726,0.000000
5727,0.000006
5728,0.000000
5729,0.000000
573,0.054156
5730,0.999753
5731,0.140465
5732,1.000000
5733,0.999980
5734,0.000001
5735,1.000000
5736,0.000003
5737,0.993951
5738,0.999999
5739,1.000000
574,0.999986
5740,1.000000
5741,0.000176
5742,0.993827
5743,0.000002
5744,0.000000
5745,0.000018
5746,0.000004
5747,0.963218
5748,0.999997
5749,0.836202
575,0.000001
5750,0.661639
5751,1.000000
5752,0.999035
5753,0.006458
5754,0.000367
5755,0.649298
5756,0.999980
5757,0.000404
5758,0.606242
5759,0.999962
576,0.171549
5760,0.803510
5761,0.000009
5762,0.000363
5763,0.006690
5764,0.000002
5765,0.999957
5766,0.036043
5767,0.000001
5768,0.999994
5769,0.000000
577,0.004690
5770,0.001719
5771,0.999999
5772,1.000000
5773,0.000020
5774,0.004994
5775,0.000011
5776,1.000000
5777,0.999999
5778,0.999974
5779,1.000000
578,0.000000
5780,0.965057
5781,0.204275
5782,0.999999
5783,0.893683
5784,0.999992
5785,0.000007
5786,0.000000
5787,0.837104
5788,0.000053
5789,1.000000
579,0.000000
5790,0.000098
5791,0.000005
5792,0.000107
5793,0.048603
5794,0.999992
5795,0.999385
5796,0.989479
5797,0.000013
5798,0.999974
5799,0.097480
58,0.000000
580,0.002117
5800,0.000706
5801,0.987326
5802,0.000000
5803,0.000001
5804,0.995815
5805,0.999995
5806,0.000004
5807,1.000000
5808,0.999977
5809,0.999973
581,1.000000
5810,0.466864
5811,0.037578
5812,0.826490
5813,0.904018
5814,0.000000
5815,1.000000
5816,0.000012
5817,0.003768
5818,0.000000
5819,0.998467
582,1.000000
5820,1.000000
5821,0.999998
5822,0.935729
5823,0.000103
5824,0.998890
5825,0.753848
5826,0.979277
5827,0.103691
5828,0.999891
5829,0.999981
583,0.000021
5830,0.000004
5831,0.999860
5832,0.000031
5833,0.994191
5834,0.997029
5835,0.000031
5836,0.999674
5837,0.000000
5838,0.000031
5839,0.997294
584,0.000193
5840,0.000001
5841,0.003198
5842,0.659883
5843,1.000000
5844,0.000615
5845,0.999993
5846,0.000001
5847,0.000318
5848,0.999351
5849,0.994355
585,0.999606
5850,0.000022
5851,0.000000
5852,1.000000
5853,0.000090
5854,0.004596
5855,0.000517
5856,0.000466
5857,0.016204
5858,0.999987
5859,0.000001
586,0.005362
5860,0.999954
5861,0.000028
5862,0.999896
5863,0.000007
5864,0.995126
5865,0.000000
5866,0.000000
5867,0.000030
5868,0.000006
5869,1.000000
587,0.000000
5870,0.067923
5871,0.005094
5872,0.000000
5873,0.999999
5874,0.999988
5875,0.000003
5876,0.000004
5877,0.980597
5878,1.000000
5879,0.205372
588,0.006480
5880,0.999981
5881,0.990042
5882,0.997753
5883,0.639585
5884,0.999932
5885,0.002880
5886,1.000000
5887,0.001267
5888,0.000027
5889,0.126782
589,0.000077
5890,0.999991
5891,0.000004
5892,1.000000
5893,0.999740
5894,0.000003
5895,0.001879
5896,0.000106
5897,0.242786
5898,0.999999
5899,0.000000
59,0.999942
590,0.999894
5900,0.000000
5901,1.000000
5902,0.001229
5903,0.001040
5904,0.999738
5905,1.000000
5906,0.000001
5907,0.000865
5908,0.999990
5909,0.021060
591,0.999990
5910,0.000154
5911,1.000000
5912,0.001065
5913,0.000906
5914,0.000000
5915,1.000000
5916,1.000000
5917,1.000000
5918,0.000000
5919,1.000000
592,0.000856
5920,0.000001
5921,0.000943
5922,0.999884
5923,0.977381
5924,1.000000
5925,0.999982
5926,0.000000
5927,0.008259
5928,1.000000
5929,0.999910
593,0.999953
5930,1.000000
5931,1.000000
5932,0.000000
5933,0.022751
5934,0.000005
5935,0.999830
5936,1.000000
5937,0.000828
5938,0.999166
5939,0.002159
594,1.000000
5940,0.000008
5941,0.002341
5942,0.000005
5943,0.945185
5944,0.999865
5945,0.000006
5946,0.999998
5947,0.000082
5948,0.999977
5949,0.000033
595,0.999835
5950,0.000255
5951,1.000000
5952,0.999965
5953,0.000000
5954,0.000397
5955,1.000000
5956,0.061545
5957,0.999714
5958,0.999976
5959,0.294347
596,0.000522
5960,0.000000
5961,0.036051
5962,0.000000
5963,0.000005
5964,0.001768
5965,0.999999
5966,0.999844
5967,0.002696
5968,0.897528
5969,1.000000
597,0.996136
5970,0.999978
5971,0.998604
5972,0.999989
5973,1.000000
5974,0.018698
5975,0.999999
5976,0.971182
5977,0.006694
5978,0.644091
5979,0.944595
598,0.184038
5980,0.015538
5981,0.000068
5982,0.000008
5983,0.345151
5984,1.000000
5985,1.000000
5986,0.000882
5987,0.005142
5988,0.997804
5989,0.999994
599,0.000000
5990,0.985807
5991,0.000001
5992,0.999990
5993,0.759292
5994,0.000001
5995,0.999998
5996,0.000000
5997,0.999986
5998,0.000007
5999,0.999999
6,0.000000
60,0.003615
600,0.001075
6000,1.000000
6001,0.000271
6002,0.000000
6003,0.000062
6004,1.000000
6005,0.001050
6006,0.002906
6007,1.000000
6008,0.000000
6009,0.000006
601,0.999685
6010,0.999003
6011,0.000000
6012,0.999998
6013,0.000000
6014,0.000033
6015,0.009916
6016,1.000000
6017,0.999998
6018,0.001566
6019,0.999993
602,0.002794
6020,1.000000
6021,0.000830
6022,0.999976
6023,0.006747
6024,0.000000
6025,0.998140
6026,0.999997
6027,0.999987
6028,0.999926
6029,0.002650
603,0.000690
6030,0.997888
6031,0.000000
6032,0.000000
6033,0.000000
6034,0.000002
6035,0.203112
6036,0.012075
6037,0.000000
6038,1.000000
6039,0.000154
604,0.491767
6040,0.999953
6041,0.999962
6042,0.999998
6043,0.000005
6044,0.000000
6045,0.999995
6046,0.999999
6047,0.999998
6048,0.000142
6049,0.998730
605,0.000000
6050,0.002428
6051,0.997747
6052,0.000000
6053,0.000844
6054,0.026704
6055,0.999995
6056,0.000002
6057,0.000672
6058,0.000002
6059,0.000000
606,0.105778
6060,0.001357
6061,0.685231
6062,0.000872
6063,0.000003
6064,0.999991
6065,0.993280
6066,0.989972
6067,0.989603
6068,0.000032
6069,0.988017
607,0.928040
6070,0.999959
6071,0.000175
6072,1.000000
6073,1.000000
6074,0.000269
6075,0.826171
6076,0.000013
6077,0.001232
6078,1.000000
6079,0.999987
608,0.792924
6080,0.999999
6081,0.339135
6082,1.000000
6083,0.000013
6084,0.999601
6085,0.461885
6086,1.000000
6087,0.999994
6088,1.000000
6089,0.999998
609,0.000000
6090,1.000000
6091,0.999077
6092,0.001528
6093,0.999942
6094,1.000000
6095,0.000721
6096,0.000026
6097,0.001958
6098,0.000001
6099,0.000355
61,0.000536
610,0.999943
6100,0.000002
6101,0.019555
6102,0.000216
6103,1.000000
6104,1.000000
6105,1.000000
6106,1.000000
6107,1.000000
6108,0.999236
6109,0.583830
611,0.000635
6110,0.000000
6111,0.997870
6112,0.711132
6113,0.001928
6114,0.000020
6115,0.000002
6116,0.999690
6117,0.999809
6118,0.972964
6119,0.000001
612,0.999991
6120,0.999989
6121,0.982436
6122,0.000686
6123,0.999917
6124,0.000002
6125,1.000000
6126,0.998664
6127,0.180244
6128,0.999993
6129,0.000015
613,0.000442
6130,0.999624
6131,0.265304
6132,0.000061
6133,0.005070
6134,1.000000
6135,0.000000
6136,0.001274
6137,0.999985
6138,0.005224
6139,0.999761
614,0.000067
6140,0.999999
6141,0.999385
6142,1.000000
6143,0.000000
6144,0.006033
6145,0.000000
6146,0.000815
6147,0.000161
6148,1.000000
6149,0.000000
615,0.000032
6150,0.000015
6151,0.259799
6152,0.000000
6153,0.000000
6154,0.999999
6155,0.999987
6156,0.004745
6157,0.998916
6158,0.000030
6159,0.000017
616,0.997821
6160,0.998969
6161,0.000004
6162,1.000000
6163,1.000000
6164,0.000004
6165,0.014267
6166,0.000002
6167,0.181374
6168,0.000001
6169,0.999652
617,0.999997
6170,0.000000
6171,0.000029
6172,0.000000
6173,0.610631
6174,0.000045
6175,1.000000
6176,0.999998
6177,1.000000
6178,0.022489
6179,0.000120
618,0.003080
6180,0.999995
6181,0.001717
6182,0.000004
6183,0.999921
6184,0.000088
6185,0.000000
6186,0.991386
6187,0.999986
6188,1.000000
6189,0.000041
619,0.000583
6190,0.000000
6191,0.304302
6192,0.999057
6193,1.000000
6194,0.001938
6195,0.000883
6196,0.033349
6197,0.000018
6198,0.000004
6199,1.000000
62,0.961189
620,0.999727
6200,1.000000
6201,1.000000
6202,0.000008
6203,0.999996
6204,0.000005
6205,0.016647
6206,1.000000
6207,0.998540
6208,0.999997
6209,0.964685
621,0.000000
6210,0.000161
6211,0.001898
6212,0.001287
6213,0.000544
6214,1.000000
6215,0.983507
6216,0.000000
6217,0.999299
6218,0.999996
6219,0.999958
622,0.000000
6220,0.001376
6221,1.000000
6222,0.998537
6223,0.999977
6224,0.999925
6225,0.994240
6226,0.999725
6227,0.005151
6228,0.009074
6229,0.999963
623,0.000002
6230,0.999759
6231,0.999989
6232,0.988999
6233,0.000008
6234,0.746478
6235,0.000427
6236,0.999998
6237,0.995626
6238,0.000013
6239,0.997293
624,0.000129
6240,0.012813
6241,0.999956
6242,0.999981
6243,0.000001
6244,0.999735
6245,0.999999
6246,0.999994
6247,0.000000
6248,0.999830
6249,0.999999
625,0.000000
6250,0.000038
6251,0.074331
6252,0.007097
6253,1.000000
6254,0.999974
6255,0.732015
6256,0.000587
6257,0.998676
6258,0.000000
6259,0.000000
626,0.997228
6260,0.936549
6261,0.009829
6262,0.000000
6263,0.000046
6264,1.000000
6265,0.999999
6266,0.999996
6267,0.007225
6268,0.004514
6269,0.001190
627,0.012195
6270,0.000018
6271,0.000063
6272,0.000422
6273,0.998836
6274,0.000000
6275,0.000000
6276,0.000387
6277,1.000000
6278,0.032730
6279,0.023431
628,0.000000
6280,0.999993
6281,0.999994
6282,0.036869
6283,0.998444
6284,0.999999
6285,0.991113
6286,0.000000
6287,1.000000
6288,1.000000
6289,0.999839
629,0.984708
6290,1.000000
6291,0.000112
6292,0.942803
6293,0.440974
6294,0.952572
6295,0.999990
6296,0.007049
6297,0.000000
6298,0.005017
6299,0.000000
63,0.000883
630,1.000000
6300,0.000000
6301,0.999032
6302,0.110746
6303,0.000235
6304,0.010251
6305,0.999993
6306,0.999452
6307,0.999976
6308,0.000008
6309,0.999958
631,1.000000
6310,0.618285
6311,0.045284
6312,0.506686
6313,0.999987
6314,0.000003
6315,0.999992
6316,0.000000
6317,0.982801
6318,1.000000
6319,1.000000
632,1.000000
6320,0.020729
6321,0.999996
6322,0.191205
6323,0.999998
6324,0.000564
6325,0.000043
6326,0.000046
6327,1.000000
6328,0.001364
6329,0.000000
633,0.999999
6330,0.000007
6331,0.999993
6332,1.000000
6333,0.000000
6334,0.018128
6335,0.004988
6336,0.000003
6337,0.000132
6338,0.000123
6339,0.004118
634,0.000000
6340,0.999772
6341,0.999965
6342,0.389575
6343,0.001090
6344,0.002015
6345,0.000015
6346,0.180333
6347,0.929000
6348,0.105216
6349,0.999999
635,0.264110
6350,0.001541
6351,0.998899
6352,0.000000
6353,0.000002
6354,0.999906
6355,0.999865
6356,0.306560
6357,0.403039
6358,0.000000
6359,0.000103
636,0.652674
6360,0.000022
6361,0.995001
6362,0.001014
6363,0.999989
6364,0.000000
6365,0.999956
6366,0.008290
6367,1.000000
6368,0.999996
6369,0.000000
637,1.000000
6370,0.000000
6371,0.000000
6372,0.000660
6373,0.235313
6374,0.015601
6375,0.582650
6376,0.000094
6377,0.999992
6378,0.003042
6379,1.000000
638,0.000000
6380,0.002386
6381,0.440849
6382,0.000005
6383,0.000000
6384,0.999943
6385,1.000000
6386,0.000000
6387,0.999474
6388,0.998717
6389,1.000000
639,0.000306
6390,0.006144
6391,0.997794
6392,0.000026
6393,0.999998
6394,0.999999
6395,0.999994
6396,0.000011
6397,0.998127
6398,1.000000
6399,1.000000
64,0.997016
640,0.000000
6400,0.999918
6401,0.000514
6402,0.999960
6403,0.000156
6404,0.999813
6405,0.000000
6406,1.000000
6407,0.000003
6408,0.000574
6409,1.000000
641,0.474685
6410,0.000121
6411,0.000000
6412,0.596168
6413,0.000058
6414,0.000022
6415,0.999557
6416,0.000000
6417,0.003803
6418,0.000000
6419,0.000000
642,0.003645
6420,1.000000
6421,1.000000
6422,0.999864
6423,0.000000
6424,0.000515
6425,0.001033
6426,0.921243
6427,0.000007
6428,1.000000
6429,1.000000
643,1.000000
6430,0.000000
6431,0.159961
6432,0.999977
6433,0.991472
6434,0.000349
6435,0.999999
6436,0.999999
6437,0.000358
6438,0.999999
6439,0.999986
644,0.997143
6440,0.000106
6441,0.000000
6442,0.000022
6443,0.994644
6444,0.007437
6445,0.999997
6446,1.000000
6447,0.999998
6448,0.998443
6449,1.000000
645,0.048563
6450,1.000000
6451,0.000695
6452,0.000000
6453,1.000000
6454,0.000013
6455,0.992187
6456,0.000158
6457,1.000000
6458,0.025389
6459,0.000402
646,0.038955
6460,1.000000
6461,0.997835
6462,0.999983
6463,0.000071
6464,1.000000
6465,0.000009
6466,0.999968
6467,0.969569
6468,0.963281
6469,1.000000
647,0.000029
6470,0.000001
6471,0.002124
6472,0.012524
6473,0.999580
6474,0.000000
6475,0.165729
6476,1.000000
6477,0.000002
6478,0.996989
6479,0.000012
648,0.000000
6480,1.000000
6481,0.998300
6482,0.999988
6483,0.000087
6484,0.000010
6485,1.000000
6486,0.000437
6487,0.000046
6488,0.000001
6489,0.259221
649,0.402020
6490,0.000000
6491,0.998691
6492,0.996256
6493,0.999995
6494,0.002981
6495,0.000024
6496,0.001911
6497,0.845816
6498,0.000001
6499,1.000000
65,0.999997
650,1.000000
6500,0.883954
6501,0.000100
6502,1.000000
6503,1.000000
6504,0.242477
6505,0.005439
6506,1.000000
6507,0.967949
6508,0.000000
6509,0.000125
651,0.967099
6510,0.999688
6511,0.999995
6512,0.695630
6513,0.000448
6514,0.999561
6515,0.001068
6516,0.999914
6517,0.993381
6518,0.000567
6519,0.000000
652,0.999994
6520,0.000000
6521,0.000001
6522,0.002051
6523,0.999991
6524,1.000000
6525,0.999964
6526,0.999589
6527,0.995534
6528,0.000042
6529,0.995595
653,0.000475
6530,0.954131
6531,0.000001
6532,1.000000
6533,0.000004
6534,0.000000
6535,0.000044
6536,1.000000
6537,0.000007
6538,0.000017
6539,1.000000
654,0.999997
6540,1.000000
6541,0.000778
6542,0.999820
6543,0.186919
6544,0.999934
6545,1.000000
6546,1.000000
6547,0.000095
6548,0.004741
6549,0.999645
655,0.999874
6550,0.000505
6551,0.999709
6552,0.012985
6553,0.000425
6554,1.000000
6555,0.003822
6556,0.998564
6557,0.000215
6558,0.000094
6559,0.000272
656,0.992719
6560,0.999966
6561,0.025040
6562,0.000260
6563,0.000558
6564,0.999994
6565,0.000000
6566,0.999191
6567,1.000000
6568,0.000132
6569,0.998933
657,1.000000
6570,0.000001
6571,0.000000
6572,0.999939
6573,1.000000
6574,0.997920
6575,0.000000
6576,0.000088
6577,1.000000
6578,0.000836
6579,0.000187
658,1.000000
6580,1.000000
6581,0.000008
6582,0.766329
6583,0.981080
6584,0.000001
6585,1.000000
6586,0.999998
6587,0.000574
6588,0.205930
6589,1.000000
659,0.047996
6590,0.999441
6591,0.999031
6592,1.000000
6593,0.649768
6594,0.008229
6595,0.000000
6596,0.999997
6597,0.000000
6598,0.001167
6599,1.000000
66,0.999925
660,0.000036
6600,1.000000
6601,0.240698
6602,0.999998
6603,0.000000
6604,0.000010
6605,0.000880
6606,1.000000
6607,1.000000
6608,0.999991
6609,0.908783
661,1.000000
6610,1.000000
6611,0.999827
6612,0.000397
6613,0.000000
6614,0.000714
6615,0.999945
6616,0.000000
6617,0.000000
6618,0.000001
6619,0.997869
662,0.000000
6620,0.999957
6621,0.993106
6622,0.999998
6623,0.000017
6624,0.000267
6625,0.923579
6626,0.000082
6627,0.973579
6628,0.999994
6629,0.952911
663,0.000000
6630,0.923667
6631,0.999267
6632,0.994501
6633,0.000196
6634,0.000006
6635,0.999996
6636,0.999982
6637,1.000000
6638,0.000004
6639,0.000000
664,0.000013
6640,0.999989
6641,0.940372
6642,0.000427
6643,0.999022
6644,0.000048
6645,0.000601
6646,0.999992
6647,0.676768
6648,0.998975
6649,0.999997
665,0.000000
6650,0.112790
6651,0.999998
6652,1.000000
6653,1.000000
6654,1.000000
6655,0.000000
6656,0.000004
6657,0.000067
6658,0.000005
6659,0.998049
666,0.003303
6660,0.000287
6661,0.999715
6662,0.999266
6663,1.000000
6664,1.000000
6665,1.000000
6666,0.026571
6667,0.001096
6668,0.999858
6669,0.000000
667,0.999995
6670,0.999397
6671,1.000000
6672,0.999892
6673,0.000063
6674,1.000000
6675,1.000000
6676,0.999982
6677,0.000000
6678,0.000000
6679,1.000000
668,0.985205
6680,0.000002
6681,0.000062
6682,0.000008
6683,0.000001
6684,0.361419
6685,0.999947
6686,0.000001
6687,0.000000
6688,0.999997
6689,0.000001
669,1.000000
6690,0.000321
6691,0.000001
6692,0.000007
6693,0.000132
6694,0.000049
6695,0.021931
6696,0.000059
6697,0.000395
6698,0.000015
6699,1.000000
67,1.000000
670,0.978625
6700,0.999917
6701,0.999999
6702,0.005222
6703,0.999656
6704,0.999037
6705,0.000000
6706,0.015080
6707,0.999998
6708,1.000000
6709,0.010075
671,0.000000
6710,0.999998
6711,0.000397
6712,0.999999
6713,0.000000
6714,0.000051
6715,0.999990
6716,0.999876
6717,0.000000
6718,1.000000
6719,0.183232
672,0.000128
6720,1.000000
6721,1.000000
6722,1.000000
6723,0.000000
6724,0.000089
6725,0.999975
6726,0.000002
6727,0.002817
6728,0.991251
6729,1.000000
673,0.000267
6730,0.000000
6731,0.999322
6732,1.000000
6733,0.506387
6734,0.999860
6735,0.999427
6736,0.000000
6737,0.997547
6738,1.000000
6739,0.000032
674,0.000005
6740,0.137315
6741,0.999998
6742,0.999982
6743,0.000437
6744,0.011186
6745,0.999918
6746,0.000000
6747,0.004431
6748,0.011935
6749,0.005799
675,0.073194
6750,0.000000
6751,1.000000
6752,0.000068
6753,1.000000
6754,1.000000
6755,0.000000
6756,0.026997
6757,0.999830
6758,0.017581
6759,0.999991
676,0.898234
6760,0.002971
6761,0.999995
6762,0.000001
6763,0.997203
6764,0.026107
6765,0.003085
6766,0.978951
6767,0.579723
6768,0.000004
6769,0.000023
677,0.000661
6770,0.000326
6771,1.000000
6772,0.999350
6773,0.999747
6774,1.000000
6775,0.999844
6776,0.000000
6777,0.000323
6778,0.003237
6779,0.000089
678,0.000582
6780,0.523639
6781,0.000001
6782,0.000006
6783,0.000417
6784,0.000000
6785,0.000001
6786,1.000000
6787,0.983894
6788,0.000000
6789,0.000000
679,0.999217
6790,0.999869
6791,0.727679
6792,1.000000
6793,0.000233
6794,0.975949
6795,0.000009
6796,0.000225
6797,1.000000
6798,0.000000
6799,1.000000
68,0.000000
680,0.000000
6800,0.993039
6801,0.000002
6802,1.000000
6803,1.000000
6804,0.999928
6805,0.147498
6806,1.000000
6807,0.000216
6808,0.000012
6809,0.982053
681,0.998829
6810,0.000809
6811,0.999999
6812,0.000006
6813,0.999929
6814,0.999992
6815,0.779849
6816,1.000000
6817,0.178259
6818,0.999803
6819,1.000000
682,0.000271
6820,0.999979
6821,0.000043
6822,0.999985
6823,0.996976
6824,1.000000
6825,0.999757
6826,0.000011
6827,0.998564
6828,0.871623
6829,0.000000
683,0.000001
6830,0.000000
6831,0.999951
6832,0.999949
6833,0.718107
6834,1.000000
6835,1.000000
6836,0.775280
6837,0.701124
6838,0.000019
6839,0.892857
684,0.999869
6840,1.000000
6841,0.001207
6842,0.783961
6843,1.000000
6844,0.999998
6845,0.842400
6846,0.999999
6847,1.000000
6848,0.000000
6849,0.997153
685,0.999971
6850,0.999596
6851,0.000372
6852,1.000000
6853,1.000000
6854,0.999727
6855,0.003286
6856,0.999740
6857,0.707560
6858,0.972604
6859,0.999938
686,0.998394
6860,0.000004
6861,0.394326
6862,0.999992
6863,0.000099
6864,0.000000
6865,0.000000
6866,0.999991
6867,0.000022
6868,1.000000
6869,0.999159
687,0.998735
6870,1.000000
6871,0.152926
6872,0.999956
6873,0.000000
6874,0.000000
6875,0.995976
6876,0.999860
6877,0.009090
6878,0.000000
6879,0.998563
688,1.000000
6880,0.041468
6881,0.000000
6882,0.413541
6883,0.883185
6884,0.006102
6885,0.856797
6886,1.000000
6887,0.999378
6888,0.000000
6889,0.001904
689,0.000000
6890,0.000000
6891,0.000056
6892,0.952607
6893,0.000000
6894,0.000000
6895,0.999558
6896,0.000000
6897,0.001287
6898,0.048221
6899,1.000000
69,0.999958
690,0.004681
6900,0.000000
6901,0.999793
6902,0.999965
6903,0.000024
6904,0.000411
6905,0.001036
6906,1.000000
6907,1.000000
6908,0.921417
6909,0.292830
691,1.000000
6910,0.951673
6911,0.999984
6912,1.000000
6913,0.000025
6914,0.999792
6915,0.000000
6916,0.999954
6917,0.000000
6918,0.999999
6919,0.000000
692,0.020675
6920,0.999888
6921,0.000007
6922,0.001556
6923,1.000000
6924,0.000000
6925,0.000002
6926,0.989868
6927,0.000000
6928,0.999981
6929,0.999975
693,0.175987
6930,0.000035
6931,0.000000
6932,0.061040
6933,0.000000
6934,0.999987
6935,0.000000
6936,1.000000
6937,0.007235
6938,0.999967
6939,0.000000
694,0.549822
6940,0.000065
6941,0.999488
6942,0.000025
6943,0.000001
6944,1.000000
6945,0.918688
6946,0.001667
6947,0.915182
6948,1.000000
6949,1.000000
695,1.000000
6950,0.220979
6951,0.000159
6952,0.999998
6953,0.999392
6954,0.000007
6955,1.000000
6956,0.999950
6957,0.005627
6958,0.998242
6959,0.000309
696,0.000005
6960,0.000000
6961,0.000225
6962,0.310524
6963,1.000000
6964,0.235475
6965,0.000891
6966,0.000104
6967,0.997814
6968,0.000019
6969,0.000009
697,0.000314
6970,0.002501
6971,0.000008
6972,1.000000
6973,0.000002
6974,0.995838
6975,0.000031
6976,0.902633
6977,0.000480
6978,0.999924
6979,0.000000
698,0.000000
6980,0.999995
6981,0.000000
6982,0.983108
6983,0.000145
6984,1.000000
6985,1.000000
6986,1.000000
6987,0.635443
6988,0.001774
6989,0.000001
699,0.000000
6990,0.000000
6991,0.000003
6992,1.000000
6993,0.110080
6994,1.000000
6995,0.002901
6996,0.998802
6997,0.999794
6998,0.000000
6999,1.000000
7,0.000000
70,1.000000
700,0.992858
7000,1.000000
7001,0.999797
7002,1.000000
7003,0.002005
7004,0.240640
7005,0.000239
7006,0.999998
7007,0.014250
7008,0.995463
7009,0.000000
701,0.001712
7010,0.999914
7011,0.000334
7012,0.000000
7013,0.999964
7014,0.000002
7015,0.000000
7016,0.000194
7017,0.999853
7018,1.000000
7019,0.000034
702,0.000238
7020,0.002236
7021,0.000004
7022,0.098665
7023,0.000000
7024,0.000003
7025,0.000591
7026,0.999998
7027,0.000042
7028,0.000000
7029,0.000025
703,0.000340
7030,0.000483
7031,0.940384
7032,0.001029
7033,0.000366
7034,0.118151
7035,0.959183
7036,1.000000
7037,0.982092
7038,0.001150
7039,0.003316
704,0.000027
7040,0.070534
7041,0.000000
7042,0.435736
7043,1.000000
7044,0.006626
7045,0.000007
7046,0.000000
7047,0.999950
7048,0.021862
7049,0.004485
705,0.984911
7050,0.000726
7051,0.999989
7052,0.999999
7053,0.999180
7054,1.000000
7055,0.999996
7056,0.000000
7057,0.000047
7058,0.000023
7059,0.999999
706,0.999511
7060,0.000031
7061,0.000032
7062,0.000012
7063,0.000025
7064,0.000002
7065,0.999995
7066,0.999520
7067,0.000001
7068,1.000000
7069,0.999799
707,1.000000
7070,0.000005
7071,0.000031
7072,0.919111
7073,0.811795
7074,0.999999
7075,0.982424
7076,1.000000
7077,0.999997
7078,0.999960
7079,0.999968
708,1.000000
7080,0.985170
7081,0.999853
7082,1.000000
7083,0.999999
7084,0.000000
7085,0.887259
7086,0.001732
7087,0.000018
7088,0.999999
7089,0.000000
709,0.999997
7090,0.584885
7091,0.001452
7092,0.062072
7093,0.850259
7094,0.000000
7095,0.000000
7096,0.999977
7097,1.000000
7098,0.987928
7099,0.025316
71,0.999938
710,0.993421
7100,0.001551
7101,0.011999
7102,0.999998
7103,0.000004
7104,1.000000
7105,0.354816
7106,0.120429
7107,0.606781
7108,0.000000
7109,0.000002
711,0.000148
7110,0.762648
7111,1.000000
7112,0.999974
7113,0.000000
7114,0.999978
7115,0.000243
7116,0.999776
7117,0.999999
7118,0.008419
7119,1.000000
712,0.996464
7120,1.000000
7121,0.983478
7122,0.000001
7123,0.999986
7124,0.000000
7125,0.000000
7126,0.000000
7127,0.999672
7128,0.000001
7129,0.060657
713,1.000000
7130,0.998351
7131,0.999734
7132,0.335743
7133,0.999832
7134,0.999982
7135,0.999919
7136,0.999985
7137,0.000000
7138,0.999998
7139,0.979017
714,0.000000
7140,0.000002
7141,1.000000
7142,0.999996
7143,0.999999
7144,1.000000
7145,0.000001
7146,0.017748
7147,0.000003
7148,0.999996
7149,0.987896
715,1.000000
7150,0.001797
7151,0.002652
7152,0.000370
7153,0.999999
7154,0.000502
7155,0.000053
7156,0.000020
7157,0.001931
7158,0.991251
7159,0.000517
716,0.391430
7160,0.000009
7161,0.996757
7162,0.000000
7163,0.004561
7164,0.000002
7165,0.019726
7166,0.999998
7167,0.000000
7168,1.000000
7169,1.000000
717,0.000013
7170,0.000000
7171,0.000000
7172,0.000190
7173,0.000000
7174,0.000003
7175,0.000013
7176,0.000007
7177,0.000000
7178,0.000000
7179,1.000000
718,1.000000
7180,0.999996
7181,0.999931
7182,0.000000
7183,0.999999
7184,0.000382
7185,0.000791
7186,0.291071
7187,0.000000
7188,0.982016
7189,0.999990
719,0.999987
7190,0.999988
7191,0.000000
7192,0.000000
7193,0.674327
7194,0.000002
7195,0.956851
7196,0.000000
7197,0.000001
7198,0.999995
7199,0.007010
72,0.999995
720,0.000000
7200,0.999776
7201,0.000001
7202,0.000000
7203,0.008929
7204,0.001774
7205,0.000572
7206,1.000000
7207,0.001141
7208,0.000027
7209,1.000000
721,0.002226
7210,0.000000
7211,0.000000
7212,0.226649
7213,0.999998
7214,1.000000
7215,0.000006
7216,0.000001
7217,0.000013
7218,0.999948
7219,0.999999
722,0.000030
7220,0.999981
7221,0.000632
7222,0.004351
7223,0.592333
7224,0.000001
7225,0.039924
7226,0.999997
7227,0.000001
7228,0.999746
7229,0.000000
723,0.999788
7230,0.041207
7231,1.000000
7232,0.936171
7233,0.000149
7234,0.994868
7235,0.000000
7236,0.008117
7237,0.999902
7238,0.690048
7239,0.000065
724,0.999072
7240,0.000020
7241,0.000000
7242,0.000000
7243,0.000000
7244,0.004971
7245,0.926061
7246,0.999977
7247,0.999261
7248,1.000000
7249,0.000000
725,1.000000
7250,0.023566
7251,1.000000
7252,1.000000
7253,0.009740
7254,0.444577
7255,0.992664
7256,1.000000
7257,0.988132
7258,0.000086
7259,0.999992
726,0.000000
7260,0.999745
7261,1.000000
7262,0.001634
7263,0.026373
7264,0.999996
7265,1.000000
7266,0.000000
7267,0.996507
7268,0.028470
7269,0.001029
727,0.995892
7270,0.009242
7271,0.999607
7272,0.001903
7273,0.000332
7274,0.632617
7275,0.648401
7276,0.003212
7277,0.000000
7278,0.007331
7279,0.914058
728,0.000000
7280,0.121980
7281,1.000000
7282,0.000016
7283,0.999955
7284,0.000001
7285,0.995492
7286,0.002303
7287,0.019777
7288,0.000011
7289,0.008964
729,0.000072
7290,0.007653
7291,0.999914
7292,0.000011
7293,0.999688
7294,1.000000
7295,0.370873
7296,0.000179
7297,0.000226
7298,0.999998
7299,0.000012
73,1.000000
730,1.000000
7300,1.000000
7301,0.000000
7302,0.000000
7303,0.000281
7304,0.000011
7305,1.000000
7306,0.054624
7307,0.000941
7308,0.012639
7309,0.999999
731,0.961532
7310,0.000022
7311,0.000007
7312,0.001077
7313,0.000000
7314,0.962985
7315,1.000000
7316,0.999990
7317,0.000387
7318,0.000972
7319,0.995481
732,0.999509
7320,0.003100
7321,1.000000
7322,0.000336
7323,0.956586
7324,0.000010
7325,0.000000
7326,0.999988
7327,0.999993
7328,0.999861
7329,0.000000
733,0.000000
7330,0.000000
7331,0.411292
7332,0.997781
7333,0.000034
7334,0.999999
7335,0.000004
7336,0.996614
7337,0.000034
7338,0.999806
7339,0.000684
734,0.000956
7340,0.571285
7341,0.982519
7342,0.000131
7343,0.999995
7344,0.999767
7345,0.000000
7346,1.000000
7347,0.999971
7348,1.000000
7349,0.000569
735,1.000000
7350,0.999635
7351,0.002892
7352,0.998655
7353,0.999998
7354,0.000000
7355,0.000003
7356,0.000483
7357,0.000015
7358,1.000000
7359,0.981738
736,0.554423
7360,0.000002
7361,1.000000
7362,0.000098
7363,0.000006
7364,0.999792
7365,0.997922
7366,0.000302
7367,0.999980
7368,0.999967
7369,0.002166
737,0.000002
7370,0.999834
7371,0.999998
7372,1.000000
7373,0.000125
7374,1.000000
7375,1.000000
7376,0.031559
7377,0.000040
7378,0.829155
7379,0.840928
738,1.000000
7380,0.000000
7381,0.000003
7382,0.064670
7383,0.276194
7384,0.000012
7385,0.000278
7386,0.000946
7387,0.000002
7388,0.962531
7389,0.000005
739,0.753317
7390,0.999993
7391,0.000788
7392,1.000000
7393,1.000000
7394,0.001135
7395,0.989078
7396,0.000035
7397,0.000000
7398,0.999989
7399,0.999965
74,0.999942
740,0.034502
7400,0.905236
7401,0.000000
7402,0.000003
7403,0.994521
7404,0.999991
7405,0.000011
7406,0.997603
7407,1.000000
7408,0.000526
7409,0.000000
741,0.083871
7410,0.641550
7411,0.017706
7412,0.999974
7413,1.000000
7414,0.000253
7415,0.999945
7416,0.007381
7417,0.999851
7418,0.007618
7419,0.000000
742,0.999982
7420,1.000000
7421,0.997512
7422,0.999923
7423,1.000000
7424,0.000007
7425,0.002761
7426,0.005310
7427,1.000000
7428,0.000000
7429,0.000002
743,0.118639
7430,0.999433
7431,1.000000
7432,0.000011
7433,0.000003
7434,0.397411
7435,1.000000
7436,1.000000
7437,0.000000
7438,0.000000
7439,1.000000
744,0.745118
7440,0.066081
7441,0.000275
7442,0.000006
7443,0.999992
7444,0.000001
7445,0.999999
7446,0.999999
7447,0.172190
7448,1.000000
7449,0.999999
745,1.000000
7450,1.000000
7451,0.995196
7452,0.000024
7453,0.995339
7454,1.000000
7455,0.999985
7456,0.000000
7457,0.564447
7458,0.988930
7459,0.001100
746,0.986310
7460,0.000773
7461,0.999885
7462,0.990067
7463,0.999471
7464,0.000572
7465,1.000000
7466,0.000067
7467,1.000000
7468,1.000000
7469,0.998131
747,0.999998
7470,1.000000
7471,0.020507
7472,0.047600
7473,0.992112
7474,0.066561
7475,0.999999
7476,0.040190
7477,0.000003
7478,0.000001
7479,1.000000
748,0.013842
7480,0.010528
7481,0.000029
7482,0.002960
7483,0.000026
7484,1.000000
7485,0.000000
7486,0.029896
7487,0.019989
7488,0.000010
7489,0.998451
749,0.000573
7490,1.000000
7491,0.244380
7492,1.000000
7493,1.000000
7494,1.000000
7495,0.001234
7496,0.999960
7497,0.000000
7498,0.035670
7499,0.995256
75,0.419708
750,0.999995
7500,0.974433
7501,0.000036
7502,1.000000
7503,0.999995
7504,0.999970
7505,0.999997
7506,0.000138
7507,0.012286
7508,0.001384
7509,1.000000
751,0.002359
7510,0.999924
7511,0.000007
7512,0.002352
7513,0.000027
7514,0.749486
7515,0.000656
7516,0.999997
7517,1.000000
7518,0.999982
7519,0.942701
752,1.000000
7520,1.000000
7521,0.710921
7522,0.000002
7523,1.000000
7524,0.999993
7525,0.000491
7526,1.000000
7527,0.009588
7528,1.000000
7529,0.999440
753,0.003553
7530,0.999633
7531,0.999995
7532,0.305705
7533,0.000000
7534,0.999954
7535,0.007205
7536,1.000000
7537,0.999908
7538,0.999833
7539,0.003175
754,0.000010
7540,0.003648
7541,0.968889
7542,1.000000
7543,0.998921
7544,1.000000
7545,0.629801
7546,0.999593
7547,1.000000
7548,1.000000
7549,0.000002
755,0.000000
7550,0.498903
7551,1.000000
7552,0.998227
7553,1.000000
7554,1.000000
7555,0.999369
7556,0.003157
7557,0.000569
7558,1.000000
7559,0.989935
756,0.082094
7560,0.877880
7561,0.001093
7562,0.999998
7563,0.991516
7564,0.992895
7565,0.000019
7566,0.000003
7567,0.999999
7568,0.000000
7569,0.927334
757,0.999999
7570,0.382144
7571,0.014373
7572,1.000000
7573,0.000006
7574,0.772781
7575,0.034565
7576,0.000054
7577,0.997174
7578,0.557572
7579,0.999953
758,0.000006
7580,0.999988
7581,0.000000
7582,0.381648
7583,0.002200
7584,0.992459
7585,0.999983
7586,0.000000
7587,0.603100
7588,0.000002
7589,1.000000
759,0.000024
7590,0.950661
7591,0.999984
7592,0.466226
7593,0.017771
7594,1.000000
7595,1.000000
7596,0.999975
7597,0.000035
7598,0.000000
7599,0.955362
76,0.999999
760,0.999994
7600,0.999995
7601,1.000000
7602,0.000006
7603,0.999999
7604,0.000000
7605,0.033313
7606,0.999998
7607,0.000116
7608,0.999998
7609,0.999991
761,0.999982
7610,0.001593
7611,0.000002
7612,0.999860
7613,0.999995
7614,0.000539
7615,0.996067
7616,1.000000
7617,0.000000
7618,0.000038
7619,0.000000
762,0.002681
7620,0.946337
7621,0.000119
7622,0.999968
7623,0.992926
7624,0.000013
7625,1.000000
7626,0.000002
7627,0.997333
7628,0.993378
7629,0.005300
763,0.998770
7630,0.000004
7631,0.999868
7632,0.000000
7633,0.000011
7634,0.001441
7635,0.005423
7636,0.054301
7637,1.000000
7638,0.000000
7639,0.000231
764,0.039857
7640,0.000000
7641,0.999887
7642,1.000000
7643,0.998969
7644,0.999171
7645,0.989362
7646,0.025608
7647,0.999997
7648,1.000000
7649,0.000545
765,1.000000
7650,0.000610
7651,0.004674
7652,1.000000
7653,0.314896
7654,0.999998
7655,0.019181
7656,0.000253
7657,0.000001
7658,0.999999
7659,0.967928
766,0.999982
7660,0.999995
7661,0.000001
7662,1.000000
7663,1.000000
7664,0.999951
7665,0.999995
7666,0.999997
7667,0.999804
7668,0.999886
7669,0.999982
767,0.999971
7670,0.003021
7671,0.999938
7672,0.000000
7673,0.000037
7674,1.000000
7675,0.000010
7676,0.320071
7677,0.000009
7678,0.999999
7679,0.000000
768,0.939444
7680,0.999986
7681,0.999997
7682,0.000019
7683,0.984942
7684,0.999720
7685,0.000039
7686,0.000000
7687,0.000003
7688,0.000000
7689,0.000000
769,0.998440
7690,0.000000
7691,0.631461
7692,0.061703
7693,0.000024
7694,0.999966
7695,0.999998
7696,1.000000
7697,0.000016
7698,0.000000
7699,0.000270
77,0.999964
770,0.999998
7700,0.998979
7701,0.999993
7702,0.000031
7703,0.000001
7704,0.999306
7705,0.999661
7706,0.415468
7707,0.999870
7708,0.026339
7709,0.000231
771,0.000001
7710,0.070682
7711,1.000000
7712,0.000001
7713,0.798647
7714,0.000003
7715,0.999987
7716,0.949943
7717,0.988516
7718,0.000509
7719,0.999076
772,0.003558
7720,0.004494
7721,0.000027
7722,0.999181
7723,0.999999
7724,0.000004
7725,0.999922
7726,0.000085
7727,0.000006
7728,0.999999
7729,0.011075
773,0.310559
7730,0.000139
7731,0.000000
7732,1.000000
7733,0.000023
7734,0.999314
7735,1.000000
7736,0.999997
7737,0.999209
7738,0.999999
7739,0.567672
774,0.018542
7740,0.000000
7741,0.159852
7742,0.000000
7743,0.002259
7744,0.000000
7745,0.998945
7746,0.000000
7747,1.000000
7748,1.000000
7749,0.000366
775,0.000001
7750,0.007887
7751,0.986941
7752,0.999966
7753,0.000001
7754,0.000000
7755,0.002339
7756,0.999951
7757,0.005548
7758,1.000000
7759,0.989049
776,0.004220
7760,0.777821
7761,0.000002
7762,0.000913
7763,0.000009
7764,0.999995
7765,0.937951
7766,0.999999
7767,0.000000
7768,0.000252
7769,1.000000
777,0.999587
7770,0.012283
7771,0.000004
7772,0.000003
7773,0.000261
7774,0.999926
7775,1.000000
7776,0.999551
7777,0.000001
7778,0.000041
7779,0.000435
778,0.000141
7780,0.001029
7781,0.108975
7782,0.010912
7783,0.999848
7784,0.000006
7785,1.000000
7786,0.000014
7787,0.551934
7788,0.778511
7789,1.000000
779,1.000000
7790,0.999545
7791,0.005085
7792,0.000936
7793,0.000000
7794,0.000825
7795,0.000000
7796,0.888260
7797,0.999998
7798,1.000000
7799,0.999998
78,1.000000
780,0.999998
7800,0.999999
7801,0.032547
7802,0.000000
7803,0.979571
7804,0.849518
7805,0.000020
7806,0.000000
7807,1.000000
7808,0.000034
7809,0.000156
781,0.997858
7810,0.000033
7811,0.000709
7812,0.995560
7813,0.972100
7814,0.997001
7815,0.986969
7816,1.000000
7817,1.000000
7818,1.000000
7819,0.000037
782,0.648064
7820,0.999922
7821,0.000001
7822,0.999999
7823,1.000000
7824,0.000047
7825,0.000000
7826,1.000000
7827,0.999995
7828,1.000000
7829,0.934471
783,0.999996
7830,0.768014
7831,0.003478
7832,0.000009
7833,0.000013
7834,0.998322
7835,0.943378
7836,0.999926
7837,0.999694
7838,0.999998
7839,1.000000
784,0.999954
7840,0.900439
7841,0.008209
7842,0.073533
7843,0.999479
7844,0.005545
7845,0.999966
7846,0.002429
7847,0.000589
7848,1.000000
7849,0.999517
785,0.000007
7850,0.000004
7851,0.000139
7852,0.000004
7853,1.000000
7854,0.001412
7855,0.000503
7856,1.000000
7857,0.000010
7858,0.000228
7859,0.000001
786,1.000000
7860,0.029917
7861,0.504689
7862,0.000000
7863,0.000092
7864,0.999891
7865,0.000006
7866,0.000035
7867,0.000000
7868,0.001346
7869,1.000000
787,0.000029
7870,0.009881
7871,0.000145
7872,0.218271
7873,0.999998
7874,0.999960
7875,0.998008
7876,0.776638
7877,0.000020
7878,0.000019
7879,0.000003
788,0.000014
7880,1.000000
7881,0.999999
7882,0.000000
7883,0.000000
7884,0.000092
7885,0.999991
7886,0.015447
7887,0.999994
7888,0.000106
7889,0.000000
789,0.999995
7890,0.000026
7891,0.999618
7892,0.999994
7893,0.999786
7894,1.000000
7895,0.000752
7896,0.513843
7897,0.001519
7898,0.901641
7899,0.765093
79,0.999996
790,0.999990
7900,1.000000
7901,1.000000
7902,1.000000
7903,0.999997
7904,0.000000
7905,0.000412
7906,0.999844
7907,0.999994
7908,0.410167
7909,0.999998
791,0.999988
7910,0.001741
7911,0.999802
7912,0.999985
7913,1.000000
7914,0.927396
7915,0.001555
7916,0.996597
7917,0.000025
7918,0.999966
7919,0.000178
792,0.999880
7920,0.999999
7921,0.999071
7922,1.000000
7923,0.042163
7924,0.000068
7925,1.000000
7926,0.000928
7927,0.999971
7928,0.999998
7929,0.999999
793,0.974829
7930,0.006519
7931,0.003795
7932,1.000000
7933,0.999956
7934,0.999917
7935,0.999987
7936,0.001943
7937,0.999998
7938,0.999998
7939,0.979185
794,0.999767
7940,0.000020
7941,0.936852
7942,0.000314
7943,0.001616
7944,0.000364
7945,0.999981
7946,0.999998
7947,0.999567
7948,0.000169
7949,1.000000
795,0.000207
7950,0.000001
7951,0.000003
7952,0.494125
7953,0.002266
7954,0.000000
7955,0.000002
7956,1.000000
7957,0.993473
7958,0.000003
7959,0.969649
796,0.122628
7960,0.367569
7961,0.219168
7962,0.050648
7963,0.999623
7964,0.947806
7965,0.001993
7966,0.999944
7967,1.000000
7968,0.015836
7969,1.000000
797,0.996526
7970,0.000000
7971,0.000003
7972,0.000051
7973,0.000000
7974,0.000000
7975,0.999838
7976,0.000010
7977,0.999990
7978,0.000009
7979,0.000000
798,1.000000
7980,0.000000
7981,0.999977
7982,1.000000
7983,0.000002
7984,0.005242
7985,0.996115
7986,0.999795
7987,0.000000
7988,0.999564
7989,0.499292
799,0.000000
7990,1.000000
7991,0.000000
7992,0.000000
7993,0.906189
7994,0.001100
7995,0.016684
7996,0.000236
7997,0.000002
7998,0.998812
7999,0.097263
8,0.008671
80,0.000055
800,0.999985
8000,0.166671
8001,0.000000
8002,0.000001
8003,0.999904
8004,0.000000
8005,1.000000
8006,0.000000
8007,0.000095
8008,1.000000
8009,0.000001
801,0.000027
8010,0.998935
8011,1.000000
8012,0.569233
8013,0.006012
8014,0.972019
8015,0.021767
8016,0.655013
8017,0.000431
8018,0.999855
8019,0.999992
802,0.000403
8020,0.003905
8021,0.999947
8022,0.000025
8023,0.957830
8024,0.991632
8025,0.000001
8026,0.000013
8027,1.000000
8028,1.000000
8029,0.003909
803,0.000808
8030,0.000000
8031,0.999999
8032,0.999110
8033,0.999910
8034,0.000334
8035,0.000000
8036,0.000037
8037,0.999919
8038,0.000000
8039,0.000003
804,0.000000
8040,0.000008
8041,0.000000
8042,0.000383
8043,1.000000
8044,0.315315
8045,1.000000
8046,0.000001
8047,0.024704
8048,0.529057
8049,0.999999
805,0.999806
8050,0.982618
8051,0.999997
8052,0.000000
8053,0.000000
8054,1.000000
8055,0.002221
8056,0.999970
8057,0.950224
8058,1.000000
8059,0.000098
806,1.000000
8060,0.513815
8061,0.998502
8062,0.000001
8063,0.000140
8064,0.982272
8065,0.999216
8066,0.000371
8067,0.999982
8068,0.944356
8069,0.000209
807,1.000000
8070,0.999999
8071,0.000036
8072,0.999398
8073,0.111130
8074,0.978468
8075,0.981002
8076,0.999724
8077,1.000000
8078,1.000000
8079,0.168940
808,0.899731
8080,0.996194
8081,0.000038
8082,1.000000
8083,1.000000
8084,0.990091
8085,0.000000
8086,1.000000
8087,0.353952
8088,0.999193
8089,0.087823
809,1.000000
8090,0.000003
8091,0.999998
8092,0.999986
8093,0.000000
8094,0.000017
8095,0.981880
8096,1.000000
8097,0.000000
8098,0.999980
8099,0.000001
81,0.187318
810,0.997389
8100,0.000041
8101,0.999835
8102,1.000000
8103,0.001938
8104,0.001021
8105,0.035753
8106,0.492896
8107,0.000003
8108,1.000000
8109,0.000000
811,0.000028
8110,0.999952
8111,0.000000
8112,0.020350
8113,1.000000
8114,0.999997
8115,0.000000
8116,0.000000
8117,0.988283
8118,1.000000
8119,0.000021
812,1.000000
8120,0.000024
8121,1.000000
8122,0.998827
8123,0.999999
8124,0.083081
8125,0.000029
8126,1.000000
8127,0.993434
8128,0.001074
8129,0.000210
813,0.008801
8130,0.000002
8131,0.999999
8132,0.000174
8133,0.989669
8134,0.998955
8135,0.000676
8136,0.000061
8137,0.355221
8138,0.102301
8139,1.000000
814,0.999895
8140,0.999915
8141,0.000131
8142,0.956988
8143,0.999982
8144,0.000037
8145,0.999987
8146,0.000514
8147,0.999269
8148,0.999999
8149,0.001150
815,0.999999
8150,0.008951
8151,0.000033
8152,0.000000
8153,1.000000
8154,0.000003
8155,1.000000
8156,0.067226
8157,1.000000
8158,0.999557
8159,0.999981
816,0.999996
8160,0.999987
8161,0.216490
8162,1.000000
8163,0.000010
8164,0.885123
8165,0.012487
8166,0.526882
8167,0.000150
8168,0.432636
8169,1.000000
817,0.001472
8170,0.000044
8171,0.000001
8172,0.000555
8173,0.000449
8174,0.999995
8175,0.001275
8176,0.002372
8177,0.996768
8178,0.000320
8179,0.048452
818,0.998061
8180,1.000000
8181,0.000001
8182,0.999913
8183,0.999947
8184,0.001937
8185,0.998141
8186,0.000189
8187,1.000000
8188,0.000682
8189,0.002283
819,0.999998
8190,0.997250
8191,0.999396
8192,0.008327
8193,0.999983
8194,0.998574
8195,0.161963
8196,0.000285
8197,0.999999
8198,0.000062
8199,0.999904
82,0.000000
820,0.113623
8200,0.003212
8201,1.000000
8202,0.986894
8203,0.000308
8204,0.000004
8205,0.999969
8206,0.703233
8207,1.000000
8208,0.999972
8209,0.000000
821,0.999393
8210,0.000838
8211,0.078459
8212,0.998067
8213,0.999844
8214,0.000000
8215,0.898592
8216,0.996558
8217,0.910732
8218,0.000049
8219,1.000000
822,0.000000
8220,0.001206
8221,0.999179
8222,0.000003
8223,1.000000
8224,0.998002
8225,0.000122
8226,0.000149
8227,1.000000
8228,1.000000
8229,1.000000
823,1.000000
8230,0.948263
8231,0.000000
8232,0.000837
8233,0.000244
8234,0.999444
8235,0.006457
8236,0.009802
8237,0.003009
8238,0.973593
8239,0.001438
824,0.000020
8240,0.998399
8241,0.000009
8242,0.999837
8243,0.999960
8244,0.000004
8245,0.001424
8246,0.999695
8247,0.000081
8248,0.999999
8249,0.999989
825,0.000011
8250,0.027840
8251,0.770226
8252,0.000187
8253,0.002773
8254,0.000250
8255,0.999982
8256,0.999998
8257,0.000269
8258,0.791257
8259,0.997365
826,0.999925
8260,0.999772
8261,0.000021
8262,0.000128
8263,0.998673
8264,0.938784
8265,0.092209
8266,0.000005
8267,0.999984
8268,0.000004
8269,0.999544
827,0.000000
8270,0.008398
8271,0.922408
8272,0.000024
8273,0.000000
8274,0.000002
8275,0.999511
8276,1.000000
8277,0.000260
8278,0.999937
8279,0.994219
828,1.000000
8280,1.000000
8281,0.881134
8282,0.006884
8283,0.999930
8284,0.562023
8285,0.998365
8286,1.000000
8287,0.669260
8288,0.999996
8289,0.000123
829,0.997995
8290,0.000006
8291,0.999961
8292,1.000000
8293,0.113111
8294,0.000007
8295,0.000003
8296,0.000014
8297,0.001675
8298,0.000006
8299,0.000005
83,1.000000
830,0.003796
8300,0.000028
8301,1.000000
8302,0.007267
8303,0.999962
8304,1.000000
8305,0.999684
8306,1.000000
8307,0.000024
8308,0.445655
8309,0.944488
831,0.000000
8310,1.000000
8311,0.000010
8312,0.000001
8313,0.000004
8314,0.000005
8315,0.000000
8316,0.999999
8317,0.059091
8318,0.000001
8319,1.000000
832,0.999997
8320,0.000089
8321,1.000000
8322,0.163856
8323,1.000000
8324,0.999396
8325,0.999608
8326,0.999946
8327,0.999849
8328,0.000135
8329,0.000409
833,0.999947
8330,0.000000
8331,0.991168
8332,0.999950
8333,0.001745
8334,0.000004
8335,0.999986
8336,0.000000
8337,1.000000
8338,0.000004
8339,0.998795
834,0.999988
8340,0.001382
8341,0.999987
8342,0.999921
8343,1.000000
8344,0.999981
8345,0.000009
8346,0.999982
8347,0.999993
8348,0.000031
8349,0.000160
835,1.000000
8350,0.999819
8351,0.000023
8352,0.000001
8353,0.000001
8354,0.001782
8355,0.999038
8356,0.000001
8357,0.878949
8358,0.652298
8359,0.000004
836,0.000000
8360,1.000000
8361,1.000000
8362,0.999563
8363,0.000013
8364,0.999618
8365,0.001153
8366,0.003729
8367,0.000013
8368,0.002799
8369,0.999735
837,1.000000
8370,0.000415
8371,0.000000
8372,0.000195
8373,0.000000
8374,0.000000
8375,0.873757
8376,0.000005
8377,0.000016
8378,0.999998
8379,1.000000
838,0.000012
8380,1.000000
8381,0.000013
8382,1.000000
8383,0.000140
8384,0.999999
8385,0.203647
8386,0.000025
8387,0.000000
8388,0.999525
8389,0.999999
839,0.999997
8390,0.292839
8391,0.000000
8392,1.000000
8393,0.000125
8394,1.000000
8395,0.999918
8396,1.000000
8397,0.045377
8398,1.000000
8399,0.999997
84,0.000045
840,0.037211
8400,0.000002
8401,0.000012
8402,0.000660
8403,0.973335
8404,0.000043
8405,0.000001
8406,0.009334
8407,0.999998
8408,0.000000
8409,0.000000
841,0.000004
8410,0.007017
8411,1.000000
8412,0.999995
8413,0.000061
8414,0.999999
8415,1.000000
8416,0.999860
8417,0.000000
8418,0.247968
8419,0.999952
842,0.999997
8420,0.001562
8421,0.000041
8422,1.000000
8423,0.000048
8424,0.999878
8425,0.113256
8426,0.000014
8427,0.010902
8428,0.000518
8429,0.000031
843,0.021489
8430,0.999983
8431,0.000000
8432,0.000022
8433,0.999994
8434,0.997635
8435,0.000000
8436,0.000026
8437,0.000024
8438,1.000000
8439,1.000000
844,0.642930
8440,0.999997
8441,0.929013
8442,0.821150
8443,0.004496
8444,1.000000
8445,0.999997
8446,0.000000
8447,0.000052
8448,0.999860
8449,1.000000
845,0.999879
8450,0.000376
8451,0.000045
8452,0.000037
8453,0.000000
8454,0.000000
8455,0.994227
8456,0.042013
8457,0.999999
8458,0.247445
8459,0.000349
846,0.999999
8460,0.977557
8461,0.999957
8462,0.000085
8463,1.000000
8464,0.999949
8465,0.000000
8466,0.000000
8467,1.000000
8468,0.000003
8469,0.000002
847,0.000619
8470,0.999780
8471,0.000000
8472,0.004987
8473,0.274144
8474,0.999743
8475,0.000002
8476,1.000000
8477,0.000001
8478,0.999999
8479,0.999666
848,1.000000
8480,0.000000
8481,1.000000
8482,0.016281
8483,1.000000
8484,0.000138
8485,1.000000
8486,1.000000
8487,0.000000
8488,0.999988
8489,0.000065
849,0.000029
8490,0.060915
8491,0.150000
8492,0.000000
8493,0.000002
8494,0.000000
8495,0.000368
8496,0.694383
8497,1.000000
8498,0.000016
8499,0.000056
85,0.999998
850,0.001483
8500,0.000001
8501,0.000258
8502,0.000010
8503,1.000000
8504,0.000004
8505,0.999997
8506,0.000011
8507,0.000035
8508,0.000563
8509,0.077265
851,0.999401
8510,0.995464
8511,0.000172
8512,0.997401
8513,0.008871
8514,0.002552
8515,1.000000
8516,0.999999
8517,0.005954
8518,0.999236
8519,0.616392
852,0.000027
8520,0.000003
8521,0.009775
8522,0.000226
8523,0.000000
8524,0.000454
8525,0.000065
8526,0.000001
8527,0.981602
8528,0.999995
8529,0.000000
853,0.999906
8530,0.000019
8531,0.000057
8532,0.994934
8533,0.000034
8534,0.999993
8535,0.000199
8536,0.000013
8537,0.000001
8538,0.146703
8539,1.000000
854,0.999840
8540,1.000000
8541,1.000000
8542,1.000000
8543,1.000000
8544,0.999247
8545,1.000000
8546,0.002811
8547,1.000000
8548,0.999762
8549,0.000991
855,0.000000
8550,0.007278
8551,0.999692
8552,0.000946
8553,0.002294
8554,0.000002
8555,0.000000
8556,0.929855
8557,0.987415
8558,0.000060
8559,1.000000
856,0.000004
8560,0.999319
8561,0.999999
8562,0.994277
8563,0.000016
8564,0.999956
8565,0.992420
8566,0.000000
8567,0.000323
8568,0.001985
8569,1.000000
857,0.999829
8570,0.000013
8571,0.323089
8572,0.743821
8573,0.902064
8574,0.000001
8575,0.000003
8576,0.000003
8577,0.000003
8578,0.235625
8579,1.000000
858,0.973164
8580,0.132605
8581,0.903253
8582,0.000000
8583,0.999986
8584,0.006339
8585,0.000833
8586,0.018959
8587,0.001701
8588,0.322330
8589,1.000000
859,0.002027
8590,1.000000
8591,0.000314
8592,0.872092
8593,0.000002
8594,0.359908
8595,0.000124
8596,0.999999
8597,0.000047
8598,0.000000
8599,0.001443
86,0.995603
860,0.000000
8600,0.999951
8601,1.000000
8602,0.000000
8603,0.993104
8604,0.000165
8605,0.000000
8606,0.000687
8607,0.173548
8608,0.000000
8609,0.999751
861,1.000000
8610,1.000000
8611,0.999925
8612,0.999952
8613,1.000000
8614,0.009792
8615,1.000000
8616,0.000000
8617,0.000007
8618,0.035184
8619,0.000000
862,0.999983
8620,0.999803
8621,0.404781
8622,1.000000
8623,0.483942
8624,0.000027
8625,0.001081
8626,0.935282
8627,0.001253
8628,0.999999
8629,0.999984
863,0.998343
8630,0.529021
8631,0.045114
8632,1.000000
8633,0.999954
8634,1.000000
8635,0.999711
8636,1.000000
8637,1.000000
8638,0.999579
8639,0.000000
864,0.999993
8640,0.000014
8641,0.000001
8642,0.999628
8643,0.984864
8644,0.049140
8645,0.998782
8646,1.000000
8647,0.000002
8648,0.999999
8649,0.000001
865,0.999951
8650,0.000001
8651,1.000000
8652,0.005158
8653,1.000000
8654,0.999987
8655,0.199913
8656,0.000098
8657,0.000056
8658,0.000326
8659,0.000002
866,1.000000
8660,0.000336
8661,0.999997
8662,0.000000
8663,0.999993
8664,0.002917
8665,0.000000
8666,1.000000
8667,0.000902
8668,1.000000
8669,0.000689
867,0.000035
8670,1.000000
8671,0.840448
8672,0.999978
8673,0.430547
8674,0.637705
8675,1.000000
8676,0.990001
8677,1.000000
8678,0.000000
8679,0.002637
868,0.002865
8680,0.002298
8681,0.000019
8682,0.001154
8683,0.999817
8684,0.000000
8685,0.000006
8686,0.989612
8687,0.021426
8688,0.936214
8689,0.000068
869,0.078699
8690,0.000000
8691,0.923126
8692,0.000000
8693,1.000000
8694,0.999921
8695,0.999999
8696,0.999995
8697,0.998847
8698,0.000026
8699,0.999820
87,0.996176
870,0.999990
8700,1.000000
8701,0.000007
8702,0.662126
8703,0.900160
8704,0.065885
8705,0.000011
8706,0.999999
8707,0.999917
8708,0.999997
8709,0.003196
871,0.999997
8710,0.000000
8711,0.000001
8712,0.999973
8713,0.999999
8714,0.000000
8715,0.999812
8716,0.028293
8717,0.000000
8718,0.000002
8719,1.000000
872,0.010625
8720,0.990537
8721,0.965465
8722,1.000000
8723,0.000006
8724,0.003328
8725,0.998892
8726,0.000013
8727,0.984449
8728,0.993752
8729,0.999850
873,0.924350
8730,0.088192
8731,0.187611
8732,0.999961
8733,0.983348
8734,0.000000
8735,0.005012
8736,1.000000
8737,0.000031
8738,0.356401
8739,0.996912
874,1.000000
8740,1.000000
8741,0.000026
8742,0.000060
8743,0.015265
8744,0.000001
8745,1.000000
8746,0.999999
8747,0.001228
8748,0.000000
8749,0.000006
875,0.000001
8750,0.000000
8751,0.000321
8752,0.000430
8753,0.000000
8754,0.000000
8755,0.999766
8756,0.999986
8757,0.000001
8758,1.000000
8759,0.961750
876,1.000000
8760,0.000101
8761,0.451899
8762,0.999897
8763,0.004787
8764,0.000000
8765,0.000001
8766,0.000001
8767,0.999841
8768,0.993764
8769,0.002090
877,0.000000
8770,0.000000
8771,0.999953
8772,0.338767
8773,0.000002
8774,0.000001
8775,1.000000
8776,0.001038
8777,0.000000
8778,0.102250
8779,0.997398
878,0.988667
8780,0.001053
8781,0.000000
8782,0.011312
8783,0.014749
8784,0.999723
8785,0.000062
8786,0.999700
8787,0.000007
8788,0.999140
8789,1.000000
879,0.986015
8790,0.000648
8791,0.998345
8792,1.000000
8793,0.999991
8794,1.000000
8795,0.055655
8796,0.999859
8797,1.000000
8798,0.000061
8799,0.999529
88,0.999999
880,0.000002
8800,0.999992
8801,0.981296
8802,1.000000
8803,0.000821
8804,0.997691
8805,0.000001
8806,0.037604
8807,1.000000
8808,0.000100
8809,1.000000
881,0.000108
8810,0.000069
8811,0.999988
8812,0.982989
8813,0.001479
8814,0.001556
8815,0.998934
8816,0.999946
8817,0.999490
8818,0.999997
8819,0.999990
882,0.999999
8820,0.000000
8821,0.999870
8822,0.989525
8823,0.999925
8824,0.000008
8825,0.000000
8826,0.000009
8827,0.999848
8828,0.999955
8829,0.987546
883,0.996680
8830,0.998658
8831,0.628417
8832,0.000036
8833,0.124235
8834,0.107065
8835,0.999996
8836,0.000000
8837,0.999989
8838,0.999848
8839,0.998440
884,0.999556
8840,0.000122
8841,0.000000
8842,1.000000
8843,0.999965
8844,0.000237
8845,0.000000
8846,0.998302
8847,0.998619
8848,0.000040
8849,0.000011
885,0.996283
8850,0.068987
8851,0.000013
8852,0.000010
8853,0.000216
8854,0.000012
8855,1.000000
8856,0.005868
8857,0.999854
8858,0.000000
8859,0.029862
886,0.000222
8860,0.884282
8861,1.000000
8862,0.999998
8863,1.000000
8864,0.999996
8865,0.999988
8866,0.000000
8867,0.014384
8868,0.998710
8869,0.999989
887,1.000000
8870,1.000000
8871,0.000001
8872,0.000031
8873,0.062112
8874,0.119740
8875,0.000000
8876,0.000000
8877,0.999978
8878,0.999996
8879,0.989245
888,0.000001
8880,0.562312
8881,1.000000
8882,0.999934
8883,1.000000
8884,1.000000
8885,0.000006
8886,0.000000
8887,0.000003
8888,1.000000
8889,0.999992
889,0.000000
8890,0.000371
8891,0.999792
8892,0.999869
8893,0.000000
8894,0.000002
8895,0.000085
8896,0.000000
8897,0.999977
8898,1.000000
8899,0.000004
89,0.000000
890,0.137084
8900,0.000109
8901,1.000000
8902,0.082950
8903,0.999891
8904,0.000001
8905,0.000041
8906,0.000018
8907,0.999576
8908,0.000001
8909,0.000000
891,0.880232
8910,0.000000
8911,0.002064
8912,0.000000
8913,1.000000
8914,0.000257
8915,0.933095
8916,0.042348
8917,0.395291
8918,0.379846
8919,0.951259
892,0.979830
8920,1.000000
8921,0.000132
8922,0.000014
8923,0.000048
8924,1.000000
8925,0.895949
8926,0.000002
8927,0.999999
8928,0.000072
8929,0.000000
893,1.000000
8930,0.000188
8931,0.000000
8932,0.000021
8933,0.999913
8934,0.004030
8935,0.999999
8936,1.000000
8937,0.000039
8938,0.999737
8939,1.000000
894,0.001448
8940,0.997404
8941,0.000001
8942,0.000010
8943,0.000043
8944,1.000000
8945,0.000402
8946,0.000007
8947,1.000000
8948,0.927715
8949,0.000000
895,0.006597
8950,0.999398
8951,0.000001
8952,0.999881
8953,0.999993
8954,0.426318
8955,0.000458
8956,0.014545
8957,0.000000
8958,0.999981
8959,0.948320
896,0.037356
8960,1.000000
8961,1.000000
8962,0.000000
8963,0.006755
8964,1.000000
8965,0.999998
8966,1.000000
8967,0.259425
8968,0.996581
8969,0.851352
897,0.023316
8970,1.000000
8971,0.280389
8972,0.001305
8973,0.968730
8974,0.999997
8975,1.000000
8976,0.999988
8977,1.000000
8978,0.000046
8979,0.000000
898,0.000000
8980,0.001859
8981,0.001420
8982,1.000000
8983,1.000000
8984,0.000567
8985,0.999999
8986,0.406690
8987,0.827632
8988,0.894913
8989,0.000010
899,1.000000
8990,0.999998
8991,0.068046
8992,0.999980
8993,0.564362
8994,0.001359
8995,0.821686
8996,0.010789
8997,0.608880
8998,0.894386
8999,0.000016
9,0.000081
90,0.900379
900,0.999982
9000,0.999998
9001,0.960827
9002,0.000137
9003,0.996491
9004,0.994853
9005,0.001263
9006,1.000000
9007,0.577418
9008,0.000000
9009,1.000000
901,0.999993
9010,0.000001
9011,0.999222
9012,0.008762
9013,0.998703
9014,0.010688
9015,0.007514
9016,0.110205
9017,0.999996
9018,0.735113
9019,0.000005
902,0.117995
9020,0.000020
9021,1.000000
9022,1.000000
9023,1.000000
9024,0.000000
9025,0.254059
9026,0.999999
9027,0.994511
9028,0.001242
9029,0.306690
903,1.000000
9030,0.999788
9031,0.999999
9032,0.000000
9033,0.001710
9034,0.000015
9035,0.000134
9036,0.999998
9037,0.000066
9038,0.999997
9039,0.998858
904,1.000000
9040,1.000000
9041,0.000004
9042,0.000036
9043,0.000000
9044,0.999990
9045,0.999993
9046,0.000001
9047,0.001745
9048,0.000424
9049,0.000001
905,0.000112
9050,0.000000
9051,0.999713
9052,0.001088
9053,0.000046
9054,0.998507
9055,0.549098
9056,0.001340
9057,0.000347
9058,0.945219
9059,0.999268
906,0.000003
9060,0.000162
9061,1.000000
9062,1.000000
9063,0.999840
9064,0.999999
9065,0.030140
9066,0.999169
9067,1.000000
9068,0.005545
9069,0.992940
907,0.999954
9070,0.000063
9071,0.174267
9072,0.996193
9073,1.000000
9074,0.000416
9075,0.999998
9076,0.885092
9077,0.029949
9078,0.236857
9079,0.000735
908,0.999832
9080,0.999987
9081,0.003215
9082,0.156680
9083,0.999816
9084,0.999984
9085,1.000000
9086,0.999998
9087,0.563859
9088,0.457406
9089,0.000010
909,0.026516
9090,0.000000
9091,0.000026
9092,0.272752
9093,0.942019
9094,0.000000
9095,0.943736
9096,0.002416
9097,0.000004
9098,0.000001
9099,0.999950
91,0.007272
910,0.000059
9100,0.011971
9101,0.999999
9102,0.907002
9103,0.000000
9104,0.982240
9105,0.967978
9106,0.999556
9107,0.000089
9108,0.999998
9109,0.056430
911,0.000213
9110,0.000039
9111,0.999999
9112,0.003279
9113,0.000000
9114,0.000363
9115,0.999993
9116,0.789638
9117,0.988111
9118,0.000619
9119,1.000000
912,0.999993
9120,0.000001
9121,0.000012
9122,0.000074
9123,0.000216
9124,0.000325
9125,0.000560
9126,0.999997
9127,0.009851
9128,0.999999
9129,0.006528
913,0.997413
9130,0.000067
9131,0.000034
9132,0.920068
9133,1.000000
9134,0.999970
9135,0.999730
9136,1.000000
9137,0.000063
9138,1.000000
9139,1.000000
914,0.000899
9140,0.999997
9141,0.435930
9142,0.184918
9143,0.999999
9144,0.981282
9145,0.000000
9146,0.000016
9147,0.000000
9148,0.999975
9149,0.000012
915,0.469879
9150,0.000011
9151,0.999999
9152,0.001206
9153,0.999906
9154,0.000124
9155,0.999965
9156,0.000001
9157,0.061916
9158,0.969969
9159,0.999760
916,0.938393
9160,0.000002
9161,1.000000
9162,0.450679
9163,0.000000
9164,0.999981
9165,1.000000
9166,0.000877
9167,0.999998
9168,0.999983
9169,0.999996
917,0.000000
9170,1.000000
9171,1.000000
9172,0.812014
9173,0.654361
9174,1.000000
9175,0.970503
9176,0.000094
9177,0.989862
9178,0.000400
9179,1.000000
918,0.999997
9180,0.000017
9181,0.992335
9182,0.001750
9183,0.000001
9184,0.999377
9185,0.996064
9186,0.000000
9187,1.000000
9188,0.999999
9189,0.999996
919,0.018708
9190,1.000000
9191,0.999960
9192,0.000028
9193,1.000000
9194,0.002805
9195,0.000000
9196,0.021637
9197,0.000000
9198,0.000201
9199,1.000000
92,0.000000
920,0.000044
9200,0.999932
9201,0.000025
9202,0.999999
9203,0.000027
9204,1.000000
9205,0.000077
9206,0.999999
9207,0.999998
9208,0.229509
9209,0.000121
921,0.000000
9210,0.000000
9211,0.001444
9212,0.999999
9213,0.042249
9214,0.999979
9215,0.000000
9216,0.000262
9217,0.999998
9218,0.999807
9219,0.000000
922,0.999936
9220,0.020358
9221,0.000000
9222,1.000000
9223,0.000006
9224,1.000000
9225,0.000027
9226,0.000105
9227,0.160785
9228,0.003280
9229,0.000102
923,1.000000
9230,1.000000
9231,1.000000
9232,0.000017
9233,1.000000
9234,0.990571
9235,0.413281
9236,0.000010
9237,0.000066
9238,0.999998
9239,0.000562
924,0.000028
9240,0.000402
9241,1.000000
9242,0.680413
9243,0.000000
9244,1.000000
9245,1.000000
9246,1.000000
9247,0.794435
9248,1.000000
9249,0.999997
925,0.000000
9250,0.030653
9251,0.000000
9252,0.000003
9253,0.999747
9254,0.996094
9255,0.999998
9256,0.000000
9257,0.744839
9258,0.989015
9259,1.000000
926,0.000201
9260,0.999995
9261,0.851041
9262,0.000060
9263,0.999999
9264,0.000049
9265,0.000001
9266,0.999966
9267,0.000578
9268,0.005713
9269,0.999994
927,0.000000
9270,0.393495
9271,0.000073
9272,0.999825
9273,0.997752
9274,0.998537
9275,1.000000
9276,0.000320
9277,1.000000
9278,0.000473
9279,0.995504
928,0.001865
9280,0.999982
9281,1.000000
9282,1.000000
9283,0.007037
9284,0.999947
9285,1.000000
9286,0.958999
9287,1.000000
9288,0.000048
9289,0.999994
929,0.010424
9290,0.999944
9291,0.999998
9292,0.000000
9293,0.065675
9294,0.983279
9295,0.999999
9296,0.999860
9297,1.000000
9298,1.000000
9299,0.000000
93,0.000001
930,1.000000
9300,0.998981
9301,0.011529
9302,0.999999
9303,0.005561
9304,1.000000
9305,0.000002
9306,0.135942
9307,0.019348
9308,0.498172
9309,0.000007
931,0.000569
9310,1.000000
9311,0.707541
9312,0.999999
9313,0.004084
9314,0.000374
9315,0.999634
9316,0.500974
9317,0.000001
9318,0.002472
9319,0.999984
932,0.000403
9320,0.000031
9321,1.000000
9322,0.687198
9323,0.999999
9324,0.005071
9325,0.000172
9326,0.999944
9327,0.001142
9328,0.006022
9329,0.100983
933,0.000152
9330,0.998384
9331,0.999938
9332,0.000000
9333,0.999989
9334,1.000000
9335,1.000000
9336,0.999991
9337,0.000001
9338,0.000011
9339,0.001570
934,0.997452
9340,0.000071
9341,0.998656
9342,1.000000
9343,0.999120
9344,1.000000
9345,0.999421
9346,0.999978
9347,1.000000
9348,0.287890
9349,0.000050
935,0.999998
9350,0.999820
9351,0.000000
9352,0.000000
9353,0.004109
9354,0.999955
9355,0.000043
9356,0.999998
9357,0.999928
9358,1.000000
9359,0.024301
936,0.002367
9360,0.999999
9361,0.999973
9362,0.989694
9363,0.002125
9364,0.987024
9365,0.999984
9366,0.999999
9367,0.717068
9368,0.000000
9369,1.000000
937,0.000165
9370,0.000000
9371,0.000000
9372,1.000000
9373,0.000132
9374,0.000202
9375,1.000000
9376,0.000005
9377,1.000000
9378,0.999993
9379,0.000000
938,0.000002
9380,0.999998
9381,0.998488
9382,0.000002
9383,0.078726
9384,0.000075
9385,0.000000
9386,0.996292
9387,0.001968
9388,0.999943
9389,0.334698
939,0.412842
9390,0.000003
9391,0.000000
9392,0.000034
9393,0.999887
9394,1.000000
9395,0.140487
9396,1.000000
9397,0.998743
9398,0.999652
9399,0.000000
94,1.000000
940,1.000000
9400,0.000003
9401,0.999998
9402,0.992975
9403,0.000000
9404,0.000013
9405,0.000164
9406,0.000001
9407,0.999673
9408,0.000000
9409,1.000000
941,0.008749
9410,1.000000
9411,0.000235
9412,0.000032
9413,0.994696
9414,0.999982
9415,0.999992
9416,0.999809
9417,1.000000
9418,0.000829
9419,1.000000
942,0.000015
9420,0.981827
9421,0.999999
9422,0.001302
9423,0.012344
9424,1.000000
9425,0.003197
9426,0.999761
9427,1.000000
9428,0.999962
9429,0.044267
943,0.009757
9430,1.000000
9431,0.988999
9432,0.003634
9433,0.999999
9434,0.000082
9435,1.000000
9436,0.999852
9437,1.000000
9438,0.000155
9439,0.001903
944,0.999013
9440,0.083852
9441,1.000000
9442,0.020322
9443,1.000000
9444,0.000080
9445,0.999771
9446,0.000000
9447,0.000030
9448,0.955873
9449,1.000000
945,0.994903
9450,0.000643
9451,0.000010
9452,0.001332
9453,0.999987
9454,0.018540
9455,0.000000
9456,0.999998
9457,0.000087
9458,1.000000
9459,0.012485
946,1.000000
9460,0.754862
9461,0.000353
9462,0.000325
9463,0.000429
9464,0.000300
9465,0.999987
9466,0.000153
9467,0.013932
9468,0.000000
9469,0.000038
947,0.001067
9470,1.000000
9471,0.000050
9472,0.998919
9473,0.999999
9474,0.012425
9475,0.001412
9476,0.238064
9477,0.969671
9478,0.999908
9479,1.000000
948,0.000000
9480,1.000000
9481,0.999998
9482,0.000008
9483,0.000219
9484,0.000062
9485,0.000240
9486,0.000001
9487,0.000628
9488,0.999992
9489,1.000000
949,1.000000
9490,0.993378
9491,0.000001
9492,0.000023
9493,0.999970
9494,0.000001
9495,0.999999
9496,0.020916
9497,1.000000
9498,0.017629
9499,0.000159
95,0.999995
950,0.964414
9500,0.999997
9501,0.985357
9502,0.000000
9503,0.005225
9504,0.999815
9505,0.999998
9506,0.000086
9507,0.000010
9508,0.033904
9509,0.555942
951,0.000000
9510,0.999836
9511,0.000000
9512,0.000156
9513,0.880998
9514,0.000004
9515,1.000000
9516,0.999882
9517,0.000007
9518,0.000007
9519,0.775519
952,0.000009
9520,0.987527
9521,1.000000
9522,0.000000
9523,0.000000
9524,0.006925
9525,0.006462
9526,0.604284
9527,0.002853
9528,0.000170
9529,0.000815
953,0.999347
9530,0.994297
9531,0.999994
9532,0.000056
9533,1.000000
9534,1.000000
9535,0.999726
9536,0.034156
9537,0.999973
9538,0.000002
9539,0.999999
954,0.021712
9540,0.000000
9541,0.000012
9542,0.000002
9543,0.001729
9544,0.851782
9545,0.008925
9546,0.999970
9547,0.798470
9548,0.999998
9549,0.999758
955,0.999978
9550,1.000000
9551,0.984499
9552,1.000000
9553,0.000635
9554,0.999996
9555,0.000001
9556,0.994027
9557,0.802030
9558,0.082562
9559,0.999600
956,1.000000
9560,0.999991
9561,0.001147
9562,0.000007
9563,0.999999
9564,0.000243
9565,0.999805
9566,0.999125
9567,1.000000
9568,0.998673
9569,0.597178
957,0.999870
9570,0.000007
9571,0.078911
9572,0.998543
9573,0.999961
9574,0.001485
9575,0.000007
9576,0.891540
9577,1.000000
9578,0.005249
9579,0.069622
958,0.999994
9580,0.000025
9581,0.002660
9582,0.001419
9583,0.999878
9584,1.000000
9585,0.004212
9586,0.394594
9587,0.000011
9588,0.022990
9589,0.950330
959,0.000054
9590,0.000530
9591,0.005653
9592,0.002144
9593,0.000127
9594,0.995352
9595,0.000049
9596,0.944704
9597,0.282162
9598,0.923848
9599,0.999766
96,0.000003
960,1.000000
9600,0.071788
9601,0.000018
9602,1.000000
9603,0.001323
9604,0.992168
9605,0.001977
9606,1.000000
9607,1.000000
9608,0.999043
9609,0.138887
961,0.000668
9610,0.000004
9611,0.004399
9612,0.994853
9613,0.999484
9614,0.841314
9615,0.709550
9616,0.995040
9617,0.000353
9618,0.999997
9619,1.000000
962,0.999946
9620,0.001728
9621,0.000000
9622,0.257649
9623,0.000013
9624,1.000000
9625,0.999833
9626,0.011429
9627,0.000000
9628,0.003027
9629,0.000015
963,0.999999
9630,0.999993
9631,0.190796
9632,0.000000
9633,0.000044
9634,0.504753
9635,0.000368
9636,0.000020
9637,1.000000
9638,0.502058
9639,0.999970
964,0.200361
9640,0.000000
9641,0.999423
9642,0.005376
9643,0.999980
9644,0.000052
9645,0.853296
9646,0.999997
9647,0.999437
9648,0.004944
9649,0.999817
965,0.000038
9650,0.049299
9651,1.000000
9652,0.986231
9653,0.000003
9654,0.018389
9655,1.000000
9656,0.000536
9657,1.000000
9658,0.000138
9659,1.000000
966,0.999723
9660,1.000000
9661,0.999997
9662,0.000051
9663,0.999970
9664,0.999618
9665,0.000000
9666,0.000000
9667,1.000000
9668,0.999378
9669,1.000000
967,0.000000
9670,0.001204
9671,1.000000
9672,0.000000
9673,0.203660
9674,1.000000
9675,1.000000
9676,0.000000
9677,1.000000
9678,1.000000
9679,0.978130
968,0.999950
9680,0.993937
9681,0.999744
9682,0.000000
9683,0.000001
9684,1.000000
9685,0.001725
9686,0.999999
9687,1.000000
9688,0.008505
9689,0.000045
969,1.000000
9690,0.999999
9691,0.050577
9692,0.000000
9693,0.000000
9694,0.999470
9695,1.000000
9696,0.999911
9697,0.012188
9698,0.999176
9699,0.999833
97,0.999961
970,0.999997
9700,0.005013
9701,0.992874
9702,0.999996
9703,0.306856
9704,0.000000
9705,0.089344
9706,0.984886
9707,0.999998
9708,1.000000
9709,0.310501
971,0.998872
9710,0.000003
9711,0.000000
9712,0.000138
9713,0.999936
9714,0.999985
9715,0.022860
9716,0.023555
9717,0.000000
9718,0.000000
9719,0.000004
972,0.289433
9720,0.000405
9721,0.000000
9722,0.000017
9723,1.000000
9724,0.054661
9725,0.000001
9726,0.000003
9727,0.999970
9728,0.000000
9729,0.000528
973,0.000298
9730,0.026226
9731,0.810362
9732,0.005350
9733,0.014594
9734,0.000031
9735,0.000019
9736,0.166105
9737,0.000009
9738,0.999727
9739,0.559472
974,0.999997
9740,0.999443
9741,0.000086
9742,0.999934
9743,0.892437
9744,0.000009
9745,0.000474
9746,0.004805
9747,1.000000
9748,1.000000
9749,1.000000
975,0.000089
9750,0.000000
9751,1.000000
9752,0.000102
9753,0.001117
9754,0.035517
9755,0.000263
9756,0.999749
9757,0.000413
9758,1.000000
9759,0.000003
976,0.000014
9760,0.000235
9761,0.213057
9762,0.000000
9763,0.000000
9764,0.997840
9765,1.000000
9766,0.998729
9767,0.004785
9768,0.999995
9769,0.998963
977,0.806999
9770,0.446935
9771,0.997988
9772,0.999995
9773,0.001852
9774,0.999994
9775,1.000000
9776,0.399846
9777,1.000000
9778,1.000000
9779,0.999653
978,0.060424
9780,0.000494
9781,0.023318
9782,0.000773
9783,0.999677
9784,0.999999
9785,0.999992
9786,0.984173
9787,0.000310
9788,0.994231
9789,0.999970
979,0.999880
9790,0.000023
9791,0.037298
9792,0.000015
9793,0.000000
9794,0.000000
9795,0.000007
9796,0.000004
9797,0.999995
9798,0.999523
9799,0.999984
98,0.999984
980,1.000000
9800,0.000133
9801,0.000000
9802,0.000004
9803,0.000000
9804,0.000000
9805,0.000000
9806,0.999999
9807,0.999999
9808,0.999994
9809,0.999384
981,1.000000
9810,0.000005
9811,0.000028
9812,0.000007
9813,0.000018
9814,0.959560
9815,0.999903
9816,1.000000
9817,0.997518
9818,1.000000
9819,0.030400
982,0.094389
9820,0.000000
9821,0.999946
9822,0.966317
9823,1.000000
9824,0.000038
9825,0.216172
9826,0.054624
9827,0.438292
9828,1.000000
9829,0.122798
983,0.999999
9830,0.999994
9831,0.000001
9832,1.000000
9833,1.000000
9834,0.000020
9835,0.999935
9836,0.999989
9837,0.999944
9838,0.000162
9839,0.898777
984,0.999742
9840,0.999997
9841,0.799616
9842,0.015958
9843,1.000000
9844,0.999966
9845,0.002244
9846,0.000000
9847,1.000000
9848,0.000000
9849,1.000000
985,0.000043
9850,1.000000
9851,0.999997
9852,0.995151
9853,0.006127
9854,0.035711
9855,0.000008
9856,0.000564
9857,0.000000
9858,0.999999
9859,0.999999
986,0.000001
9860,0.000011
9861,0.999991
9862,0.000011
9863,0.000650
9864,0.000000
9865,0.000021
9866,0.965130
9867,1.000000
9868,0.083458
9869,0.999992
987,0.000000
9870,0.000678
9871,0.932156
9872,0.000141
9873,1.000000
9874,0.000113
9875,0.000153
9876,0.000000
9877,0.001079
9878,0.000000
9879,0.000793
988,0.000397
9880,1.000000
9881,0.000009
9882,0.999138
9883,0.000127
9884,0.000003
9885,0.999747
9886,1.000000
9887,1.000000
9888,0.000022
9889,1.000000
989,0.994891
9890,0.999893
9891,0.994867
9892,0.000000
9893,0.000000
9894,0.000029
9895,0.999895
9896,0.999337
9897,0.000144
9898,0.000003
9899,0.000006
99,0.000000
990,0.000003
9900,0.000002
9901,0.000002
9902,0.000001
9903,1.000000
9904,0.000254
9905,0.000391
9906,0.000002
9907,0.000015
9908,0.000001
9909,0.000007
991,0.000001
9910,0.956466
9911,0.996274
9912,0.997474
9913,0.014444
9914,0.147510
9915,0.000007
9916,0.999887
9917,0.997001
9918,1.000000
9919,0.148586
992,1.000000
9920,1.000000
9921,1.000000
9922,0.075077
9923,0.000000
9924,0.000015
9925,0.999999
9926,0.999693
9927,0.000000
9928,0.000000
9929,0.000059
993,0.909272
9930,0.023051
9931,0.999968
9932,0.997807
9933,1.000000
9934,0.999992
9935,0.999977
9936,0.000000
9937,1.000000
9938,0.908684
9939,0.557296
994,0.000000
9940,0.999662
9941,1.000000
9942,0.000005
9943,0.919686
9944,1.000000
9945,0.001446
9946,0.994656
9947,1.000000
9948,0.027733
9949,0.403913
995,0.952792
9950,0.000000
9951,0.000000
9952,0.001486
9953,0.000128
9954,0.999998
9955,1.000000
9956,0.000229
9957,0.000220
9958,0.000286
9959,0.999998
996,0.000279
9960,0.574666
9961,0.006237
9962,0.999978
9963,0.000000
9964,0.000000
9965,0.999991
9966,0.000019
9967,1.000000
9968,0.999610
9969,0.999999
997,0.999263
9970,0.999218
9971,0.000001
9972,0.001776
9973,0.999892
9974,0.000002
9975,0.005475
9976,0.999999
9977,0.010783
9978,0.000034
9979,0.002331
998,1.000000
9980,0.000000
9981,0.003488
9982,0.999505
9983,0.054024
9984,1.000000
9985,0.894922
9986,0.999943
9987,1.000000
9988,0.999991
9989,0.999998
999,0.002894
9990,0.045613
9991,1.000000
9992,0.974299
9993,0.000004
9994,0.000268
9995,0.002284
9996,0.999829
9997,0.999643
9998,0.000000
9999,0.000230
